"","1_P1-100-8","1_P1-20-8","1_P1-200-8","1_P1-40-8","1_P1-60-8","2_P1-100-8","2_P1-20-8","2_P1-200-8","2_P1-40-8","2_P1-60-8","3_P1-20-8","3_P1-200-8","3_P1-40-8","3_P1-60-8","4_P1-90-8","4_P1-20-8","4_P1-100-8","4_P1-200-8","4_P1-40-8","4_P1-60-8","3_P1-90-8","5_P1-100-8","5_P1-20-8","5_P1-200-8","5_P1-40-8","5_P1-90-8","6_P1-100-8","6_P1-20-8","6_P1-200-8","6_P1-40-8","6_P1-60-8","7_P1-20-8","7_P1-40-8","10_P1-20-8","7_P1-105-8","7_P1-200-8","7_P1-60-8","8_P1-100-8","8_P1-20-8","8_P1-200-8","8_P1-40-8","8_P1-60-8","9_P1-100-8","9_P1-120-8","9_P1-20-8","9_P1-200-8","9_P1-40-8","9_P1-60-8","10_P1-100-8","10_P1-120-8","10_P1-200-8","10_P1-40-8","10_P1-60-8","11_P1-100-8","11_P1-20-8","11_P1-200-8","11_P1-40-8","11_P1-60-8","11_P1-70-8","12_P1-100-8","12_P1-20-8","12_P1-200-8","12_P1-40-8","12_P1-60-8","13_P1-100-8","13_P1-20-8","13_P1-200-8","13_P1-40-8","13_P1-60-8","14_P1-100-8","14_P1-20-8","14_P1-200-8","14_P1-40-8","14_P1-60-8","12_P2-100-8","12_P2-20-8","12_P2-200-8","12_P2-40-8","12_P2-60-8","15_P2-100-8","15_P2-20-8","15_P2-200-8","15_P2-40-8","15_P2-60-8","17_P2-100-8","17_P2-20-8","17_P2-200-8","17_P2-40-8","17_P2-60-8","17_2_P2-20-8","6_P2-100-8","6_P2-20-8","6_P2-200-8","6_P2-40-8","6_P2-60-8","8_P2-100-8","8_P2-20-8","8_P2-200-8","8_P2-40-8","8_P2-60-8","20_P2-100-8","20_P2-20-8","20_P2-200-8","20_P2-40-8","20_P2-60-8"
"1_P1-100-8",0,0.308580308333969,1.79660449734018,-0.20846874735591,-0.511889441091004,-1.10844788819717,-0.105345699178366,1.46678981121481,0.659321869766425,-1.43203118535963,-0.503661154098164,-0.296931394837257,0.185619176258581,-0.517422316240388,-1.64542042519582,0.155798626984247,-0.463789597288516,-0.148709147584937,-0.699321339176579,0.253577127115327,-1.91852160942412,-1.14371753746497,1.65528969415909,0.597073402285784,0.969205500481795,0.833506687441591,1.15809806777699,-1.32388077058629,-0.345490217769424,-0.931213376176882,-0.778316970784968,-0.0838324101337284,-0.527076618042885,-0.465528779910284,-0.567563078999177,0.532138208037491,-0.35862775503526,-0.916090958689577,-0.450612413183441,0.610603512388705,-0.412877429414552,-0.158229546854346,0.00395212997397405,0.0504595939739462,0.570639302189013,1.12869235854409,-0.261227263060064,0.282869451558243,-0.164265663818683,-1.55123780871015,0.453757550285284,-0.19440901401786,-0.254640580082311,-0.116218693366329,0.469855135648175,-0.2643691160232,0.0887250244891181,-0.531811345438812,-1.03789692492572,-0.2292884241636,-0.296490953888652,0.390732830861781,0.237720037842307,-0.378210771554652,-0.859506718223519,1.30931451962992,-1.22116637835404,-0.506305641172742,-1.03440018462182,-1.4033490490664,-0.920362769881682,1.88795271104712,-1.3060634231588,-2.00765614504862,0.0987078282935725,0.442816390136502,-0.0644908860564537,0.0203056341203136,0.145351013511218,-1.05307207996225,0.480382430184635,-1.56338419668969,-0.627820726768731,-0.542164852518753,-0.751976534383359,-0.367629729213831,-0.633786920212112,-0.680040530119903,-1.05031985892755,-1.16120737999416,0.441538012838717,1.21339622436417,0.318801725459167,0.951155251634145,0.774174384228019,-0.408579317117688,0.50493272813769,0.574149051284034,0.0676158583544951,-0.10526700796368,-1.02188233874917,0.939708712011723,-1.44463033838895,0.315897102375645,-1.12023309661289
"1_P1-20-8",0.308580308333969,0,5.04005379072257,-2.66135481264681,-2.18028213224695,0.196684842043428,0.366631020774739,2.1702405336818,0.548937545744703,-0.732532663865398,-2.58367910020205,2.98262147560391,1.27741232519079,2.09077354162317,-0.53058339763073,-1.94901716025022,0.0474128749584208,2.08215954154979,-2.42294111238521,0.355722654821121,0.15099556576062,-0.147755982807683,0.578799080013332,1.9615216016575,-0.744839140921103,-0.952336813484466,1.20539557926554,-1.43577209657143,0.890120828405095,-0.388775212821305,1.49591031229121,-0.287431114473184,-0.54753206926739,-0.976373973784947,1.80320190116688,1.86183766062447,2.00571496284189,0.772671193546419,0.824292184773241,2.38698799968803,0.849601159017416,0.814013906862764,2.04342715775108,0.798270877364874,1.29506165267351,2.2568804623481,1.69988133089115,0.885864836833713,-0.0525477612482794,0.925708848852568,1.78608976248929,1.93616980699509,1.94383516912847,1.25497090058081,0.608518516326712,2.4041183163569,0.175163968830248,1.06669931017475,1.82217380521793,3.00326176272583,-0.985128383313904,2.52590047953681,0.101523897221415,0.503091002560101,0.900630634793296,-0.317896356767237,0.982149084964816,-0.515415849785022,0.14800293596482,0.2896562745863,-0.0855798699784891,2.73330993792944,-0.660809972338789,-0.384275769347953,0.866861232469342,-0.445514236642136,1.4050162199375,-0.887515106801779,0.0394858503103454,0.919983298041461,-0.371756495274379,0.383675465568589,0.859751782236423,0.740610344533809,1.33351135731561,0.313101057436297,1.59199609863019,0.70727093213746,0.224474090450371,0.208311166255392,0.421035005176992,2.06995975088223,1.35258334943591,1.2733849327298,0.175967520832372,0.771494406695251,0.889368473658893,1.39157414172627,1.10863384902756,-0.410302457878582,0.580273159650951,-0.0535721955213021,-0.230661345080983,0.186864944612322,0.621794626849972
"1_P1-200-8",1.79660449734018,5.04005379072257,0,3.27163500887348,3.70822955233177,0.266389981906151,1.75166015208631,2.08788051594794,1.55346558694646,2.61972689327865,2.77166679811338,0.155265463153804,3.05533182791573,2.83626629523479,-0.337819159521617,2.21335283470948,-0.108396527879637,0.143399155027679,3.52455473298175,3.16464502879869,-0.449731435932585,0.187855667641914,2.18660448322915,0.269121842150617,2.25083863528361,1.50192567745782,-0.10144818627132,3.51556533254299,-0.733646798656083,1.72323744432301,3.61165709705671,2.11389707573022,1.77567521342438,3.40568243527501,0.871862753746499,-0.026204214753582,3.14486623007249,4.03086499770388,3.1748948257794,0.60787735526834,2.2075577937167,1.2997703598719,3.02445832669139,-0.163730256372945,2.70476816008533,1.04226145674753,4.49523251690102,1.88990328173717,0.680163278972936,2.24350832928103,0.439905269984478,4.90216254493736,4.83730375934539,0.14451476412477,4.97796519531507,3.22391585827701,4.64235244701188,2.87670390848458,2.64264086908499,2.2850744959613,1.32998394659805,0.856569648117783,2.41911047032797,1.69590231952825,0.5702920571497,2.92644919059076,0.0731798758663796,1.45695050355652,1.51663750611987,1.1697171790438,2.87704421533458,1.43634602284503,0.810027202414225,0.246818152543731,0.800470320851187,3.05060314438262,0.739730414724806,2.95138096766277,1.4748517412311,1.13920444014407,4.41333665723389,0.638464673774374,5.00468252792557,3.8273149276457,2.74125510479735,2.20364953799581,0.496879573570703,2.78273463780451,1.972790055707,1.61476736298374,2.79651461219428,2.55360599322917,-0.0878369912512449,2.96765607716095,4.13739735970729,2.06850295729194,2.34428941947203,0.231443168264819,4.26220246255906,4.31487745276781,0.052945221589566,4.19699996014646,1.70282144648618,3.78081258751876,2.80433499119772
"1_P1-40-8",-0.20846874735591,-2.66135481264681,3.27163500887348,0,-3.16728645976418,-0.488435029086067,-0.683839083818386,1.32259524646135,-1.1192337389437,-2.9889344321836,-3.73507447329626,4.07373017453584,-1.27555562382828,0.389716241198615,-1.25038363675578,-2.65500213494378,-0.846976635990767,1.20794507005963,-2.62325635548328,-0.628786675423204,-0.921012086542479,-1.12157076874348,-1.3943479829033,1.53780726826059,-2.25145311404216,-2.45624246900047,0.00121216169391554,-1.11516831034758,0.324501806568074,-1.57579572144964,0.610945335888278,-1.54179554877127,-2.00212364746463,-2.53303438968348,0.459225622431609,2.21240647836777,0.552915504838501,-0.94226593716411,-0.526535941965311,2.66782410056924,-0.979408953618972,0.03823206191272,0.293070921844182,0.138200814497506,0.223711700929066,1.4607412568914,-0.17368740724698,-0.101895322789067,-1.21244084131321,-0.415507559645808,1.17853538378376,0.487850046267609,0.664583571945097,0.523013065496008,-0.428269959562251,1.50592177412964,-1.26587959097444,0.809959743972439,0.817839718364635,4.41426768954878,-1.48192862155931,3.7044053804956,-0.553950019956587,-0.127298991555431,0.312277759775325,-1.14888212234855,0.284878304796286,-1.25256977073355,-0.511149487884824,-0.129425058775124,-1.04945790756226,2.95391331600567,-1.24536236525513,0.0682870953299806,0.432327503013615,-2.20520125990536,1.65369012501729,-2.30697100013411,-0.966253611576421,1.38233013242837,-1.1018863587489,0.568536054328348,2.38758261477459,0.608077431442567,1.9414462516873,0.287402491671623,2.55112606648285,0.61627085396876,0.613711654659144,0.0891030893071193,-1.31142621036958,0.43598458881901,0.803113718904115,-0.508951494840535,-2.01631701862794,-0.508727647348376,-0.0479533543588217,1.49018047525266,-0.135547295644131,-1.76787112264501,0.712410857019014,-0.957720319150881,0.154608123680923,-0.829923531891007,0.188214115984915
"1_P1-60-8",-0.511889441091004,-2.18028213224695,3.70822955233177,-3.16728645976418,0,-2.27598386627906,-2.26912103122457,0.727507643274519,-1.71736760173483,-1.77330363700107,-3.56736464492275,5.91939371563422,-2.58030690778058,-2.15490820660417,-2.31022612898793,-1.98711742227955,-1.3957687229435,0.810594063266524,-2.94068584127327,-2.25133876634412,-1.76108837404138,-2.39901078788605,-1.31812235729845,0.828121448253506,-2.75986032496439,-3.58306317123922,-0.304907970561344,-2.68062608200203,-0.37764865836218,-2.79140813849659,-2.53969229685752,-2.81067972417784,-1.5388407319325,-1.5524014225632,-1.26487410218833,1.17563616186616,-1.38895347265394,-2.64180831092611,-2.17349023740713,1.77831171220499,-3.05053730168028,-2.07361281599493,-1.43171455532772,-1.29948480327296,-1.51039422172004,1.19370777189261,-2.1302547521201,-1.33469984280511,-1.92547702875252,-1.75967973832395,0.14638474825631,-1.57392157985268,-2.42361410926982,0.919289217018146,-0.714443533315189,0.399970587096051,-1.71320060547377,-1.19300095283797,-0.801708126643338,6.04639562371421,-1.63665632235095,4.53982427264946,-1.42784117640485,-0.988832781699499,-0.387274416859039,-1.0054218889793,-0.0667238032927181,-1.84441996407316,-1.2510083099554,-1.4012013893016,-1.08464312662344,4.88781317712941,-1.41882100510559,0.957672709154399,0.738581339546298,-1.6355133093062,2.06419158409731,-1.92175649708851,-2.38505539396526,-0.901618171844793,-1.11295906461542,-0.561280960393944,-2.12927449654222,-2.50848232095216,2.9120365825253,1.8459147005032,3.82852333593668,2.31416645313986,2.53611776475502,0.597848709518389,-1.45923558243667,2.8687338527092,-0.054760769273622,1.70529622717604,-1.79086876936141,-1.34866408367187,2.17515188946479,0.869804963963896,2.7093803785547,-1.32314368962602,-0.343334743622096,-1.74255623245514,-0.732211772812281,-1.97922220771408,-1.59171392482006
"2_P1-100-8",-1.10844788819717,0.196684842043428,0.266389981906151,-0.488435029086067,-2.27598386627906,0,-0.987916987241138,-1.17960499332972,-0.568373509427584,-2.16128320941877,-1.56657495388461,0.648151763499622,-1.10789614904039,-1.34336657677692,-3.98696898098803,-0.429321337204382,-3.0399441461438,-1.44513246090436,-1.13725612317579,-0.3871178065663,-3.27634357086011,-3.34977063527677,0.454318979502952,-1.52268722617311,-0.141880841625013,-2.12658246003922,-2.10931427258629,-1.8126724184643,-2.28781496275062,-2.57734576354132,-2.13534291359471,-1.17688573170758,-0.99272284363805,0.320010350936506,-2.66701354578727,-1.96365444380873,-1.5623024658309,-2.28062601008807,-0.290752316810915,0.304555233296631,-1.20353901666923,-0.043421974914818,-1.19841206761971,-0.0560803674334911,0.998062752127984,0.819189825759117,-0.846383031753965,-0.267674264046316,-1.55376274509695,-2.19324689238434,-0.246546621468445,-0.254954837330262,-0.582395796575542,-2.55564842394279,0.267340629306815,-1.99186001972788,-0.649549582776046,-2.37982156192886,-3.64248624962431,-0.332942635105591,-0.7688369803405,-0.39298665474792,-0.354910698573518,-1.06054572171606,-1.60501449790758,0.919683616890057,-2.57943526845871,-1.25319261918544,-1.67217770678561,-1.67820075165156,-0.531129240306783,3.04623919409631,-1.63344934367888,-1.24906257618276,-1.19705659796497,0.257911989666528,-0.158917156314808,0.152763007044237,-2.30724818573262,-2.59483039200702,1.40906647802662,-2.00695220040731,-1.46807221667615,-1.87527000140541,-0.703514888691843,0.681477539768346,-0.290788106252825,0.913062844992058,0.0126616576153123,-0.388705023624338,-2.64873633375075,1.53692123516435,-1.02433189485592,0.678792444034229,-0.518071067352981,-3.76757034913264,1.83658472250406,-1.27792299791252,0.521972345477499,-0.130549208043833,-2.15966399918876,1.67890190191122,-1.89748324731414,0.187963342114396,-1.55468938991217
"2_P1-20-8",-0.105345699178366,0.366631020774739,1.75166015208631,-0.683839083818386,-2.26912103122457,-0.987916987241138,0,1.4467093377906,-2.10649136958723,-0.422429791688198,-0.398177524909843,4.89672904720777,-1.63580098917071,-1.79308699804576,-2.51144903823565,-0.748667355651288,-0.277692695220894,1.55347944378323,-2.64522609075298,-0.978100522895424,-1.0794916042942,-1.47349031800551,-0.178476337698513,1.29916477908624,-1.44289239153372,-2.09738475953945,-0.431119517126768,-1.06549178724466,-1.17029334458063,-1.0804210673877,-0.752343707681345,-0.197300036718986,0.217995345050143,0.067628279047181,0.257111121588239,1.23497738174885,0.885042237461815,-0.107693135438108,0.175132578424176,2.25112813471778,-0.316285493105788,0.173604190327381,0.12169331123159,0.538222105462752,0.470336164544548,1.61581366316512,0.339719030273671,-0.49899704999396,-1.01685083327248,-1.25517224672277,1.37736033726469,0.46547831043612,0.232630584888545,0.548471398331193,-1.38556565455075,1.49779986971467,-1.5195681657574,-2.26623209658846,-0.38595960439179,3.75388222187808,-1.49584424039961,2.79284576014443,-0.967814767760822,-0.799674679523263,0.158691840335953,-1.2689614944672,-0.0431209331797359,-1.43686248862313,-0.609366284273103,-0.438459064587835,-1.32163143222864,1.48603109715346,-1.2643686625041,0.237428677451016,0.515199982818824,-2.69890654017642,1.06393100013368,-2.70512284599328,-2.202056933866,0.615632868910085,-1.56440311318131,0.550317634422558,1.90460427355352,-0.0147705487498511,1.55699897914729,0.392528493231468,2.94454395291538,0.774250640044088,0.969407358717765,-0.437346300534259,-1.64016276100607,0.208147985637142,0.10723920578431,-1.03341086432489,-2.10349184028133,-1.25451804172155,0.0172399383609411,1.00469758469118,-0.744871476608217,-1.88701795753294,0.639105322136636,-1.42410977837059,-0.343307625630267,-1.36108777921052,-0.20235848577068
"2_P1-200-8",1.46678981121481,2.1702405336818,2.08788051594794,1.32259524646135,0.727507643274519,-1.17960499332972,1.4467093377906,0,1.7461627947382,-0.352633999097869,0.437922677380257,0.0349259797489802,0.907180734499856,0.17762307160273,-1.22305044712394,2.63148867452292,-0.673249847696661,0.364624563327864,1.89200106168323,0.869312017706651,-0.759996130746308,-0.877498245386884,3.2578625931746,1.1783082557267,2.07512765544866,1.13481170676311,1.79513571187466,1.74109055486451,-0.259373019725835,0.736957294891301,-0.626081605705521,0.824230608285097,1.12546915268261,1.23199094883239,-0.512390084998113,1.44711841962012,0.758682782786965,0.644385937233783,0.874073492107414,0.654683406390977,0.716169934734815,0.841366543329127,-0.690506878634487,0.363130489790055,2.20943906079003,1.15996023782312,0.555067390214324,1.27340934442873,0.695441626762219,-0.259082441575546,0.558490159293435,1.24916013061391,0.938710719653153,0.139956936712983,2.15584379754342,-0.907641925371975,1.48323919628474,0.0660479230430493,-0.111379021398179,0.828175429895623,0.94728512748584,0.789595243269847,1.95099640602441,0.794800980301039,0.442845992759914,3.01319212244803,-0.120300736837973,0.245690349014277,0.740991724855037,1.6974047399712,2.40686381404201,4.39606474801626,1.62933196970285,0.692325700396949,0.61998824277274,1.58232659614604,0.53485596130078,1.11272756480738,-0.0431303079732496,-0.73222345233856,2.87133418030706,0.027202545859339,2.48871977842125,1.33494823793335,1.207947587717,1.69117440811629,0.103471596909667,1.51218242014911,1.37010475317878,0.652180348064107,1.55799365272251,2.38367397042312,0.868258780452083,2.32341148889146,1.68072842168017,-0.304038496622721,2.10337675774925,1.16643354968178,1.95316701114594,1.22811280614112,-0.321950721952342,3.15001847928715,-0.0208646459274477,2.61237122001779,2.62334385000735
"2_P1-40-8",0.659321869766425,0.548937545744703,1.55346558694646,-1.1192337389437,-1.71736760173483,-0.568373509427584,-2.10649136958723,1.7461627947382,0,0.160390904338303,-0.161571363297167,4.90076899464291,-0.395601453581712,-0.489812187168555,-1.98690683088105,-0.617484288213586,-0.282963671354136,1.39214714299952,-2.95446439256487,0.151417523171622,-0.520369048783192,-1.345296342488,-0.532016560450646,1.01752915292321,-1.34769065227784,-1.19581553894627,-0.380270580015029,-0.884890309528872,-1.04826707097469,-0.666083121396397,-0.262067076977998,0.119227104037206,0.128540637172491,0.323171802358152,0.499007811721427,0.728674295086974,1.41114540723755,0.0973955116173262,-0.176241628898823,1.85554260806355,-0.425661200705484,0.0842955521147277,0.580036634047455,0.600225579537692,0.892065087199751,0.638076950028864,1.19467981709189,0.0536273971603609,-0.674116917175245,-0.901041710674502,1.320243128232,0.919958682352726,0.883503529762037,0.81142923738399,-1.27078843735165,1.89786545488965,-1.27177049950644,-1.59038614823306,0.242459497243965,3.61959559780653,-1.46586294671556,2.71677204729148,-0.704396847049193,-0.284300801012904,-0.129704748788574,-0.659511715850324,-0.0304220394568576,-0.760390264037748,-0.0210825307584136,-0.365722866269352,-1.02552168817597,1.75128419837523,-1.0570117900769,0.148858501793667,0.796974306082985,-2.23707831253333,1.54470149776946,-2.67528809493826,-1.60187859957531,0.293444534085877,-1.5687250378518,0.460191215627131,0.363563041414429,-0.382035185558438,1.18908151237447,0.333964799966435,2.33555184804343,0.569013281085153,0.884208448196405,-0.583457984525481,-1.37231531066569,0.885649655581046,0.508728615430466,-0.383018341590389,-1.7156662491896,-0.661801898607047,0.266188713221384,0.590420167287907,-0.198847591501177,-1.79070207542318,0.498772925015924,-1.46134872314551,-0.977163353708688,-1.39631238285295,-0.338731104878544
"2_P1-60-8",-1.43203118535963,-0.732532663865398,2.61972689327865,-2.9889344321836,-1.77330363700107,-2.16128320941877,-0.422429791688198,-0.352633999097869,0.160390904338303,0,-3.06334734397438,3.12767618447112,-2.39455477285227,-2.22984602318316,-2.28407824570275,-1.66557009484514,-1.6773509735417,-0.655950492067604,-2.29549536593712,0.258711154825826,-2.71678804833334,-2.23429395772151,-0.0980852200577347,-0.702717833141067,-2.12153210786832,-2.39451814016736,-0.665874617808527,-1.54265446990228,-1.55262196565401,-2.34532246995415,-1.77363423702118,-1.65620637393631,-1.08342825508196,-1.9028638126781,-0.277434330599903,1.18079206863373,-0.930396432978195,-1.96602195818695,-1.89932776443386,0.875751036308666,-2.77994848081612,-1.01069541863646,-1.77102358115779,-0.350893492743837,-0.656702434413507,0.605548752228826,-1.78628794808991,-0.342779019611448,-1.38414403374679,-2.0794029754559,-0.299373990295816,-1.57217444926393,-1.77807752487427,-0.45444847091978,-1.31540958594881,-1.26579432137855,-1.62022493372778,-1.93618182853649,-1.35678803180438,1.73312899173976,-0.979791055968377,1.18056781080161,-0.76070082499429,-1.29110068138888,-1.21811517222153,-0.935455331436493,-1.70369587473613,-2.09506126284085,-2.35407818803672,-0.786387840515498,-0.771720411527434,3.6800147011518,-0.749747708815639,0.0400068783472014,-0.838632502700517,-1.53924823380955,0.0720344982402139,-1.80790146229852,-2.09292117235991,-1.36083662238849,-0.300128187036367,-1.50730216004605,2.57879841823642,-0.13486195730361,0.343441317685504,0.863921827031298,0.578429299203344,0.714256342252516,0.705955471118751,-0.0838497017430662,-1.28945270021486,1.09626104220764,-0.0113919392371105,0.128405489099333,-1.36255631471426,-1.69120559613645,1.15485026043893,-0.095749053152086,0.390248301756203,-1.65210460963912,-1.6271288589561,-0.827890964206485,-1.69039194939808,-0.89619367430899,-0.290623370189636
"3_P1-20-8",-0.503661154098164,-2.58367910020205,2.77166679811338,-3.73507447329626,-3.56736464492275,-1.56657495388461,-0.398177524909843,0.437922677380257,-0.161571363297167,-3.06334734397438,0,3.73891916911563,-2.15823829679065,-3.55766416211345,-2.17894992069195,-2.80322586969243,-1.49891477574852,0.590347218824994,-2.94244107058343,-1.22610209241385,-1.95645064523668,-0.912275862110759,-1.94706770761308,0.518353044898882,-2.99004217205105,-3.71614751976368,-0.411175222466905,-1.31057891645531,-0.210888650746676,-2.00034952195896,-1.28418427960224,-1.79447453008899,-2.86502940351091,-2.84164414335417,-1.04119122045269,1.96848155177352,-3.33108184672911,-1.96236575716736,-1.97175631298577,1.72097567894422,-2.48937281095695,-1.66427844638303,-3.57956352409123,-2.23255251741167,-2.59390928709436,0.627479908226334,-3.40986270298794,-3.00535178012343,-3.8884125395458,-2.12275655891061,0.209329400294392,-3.29297486625101,-3.4829936745449,0.217790927403709,-2.76920101079195,0.125647748331468,-2.93036526630225,-2.05842905090103,-1.60382813107965,2.09362339440779,-2.02263916451975,2.04797504627747,-1.81536932668668,-1.6244118722496,-0.577413686044802,-2.04486174680163,-0.397238883926105,-2.11779572195622,-1.30200311958939,-0.957112552583147,-2.09741525314528,3.04456802304053,-1.56795646158079,-0.293084388057862,-0.499181618200445,-3.54375430131663,0.271005682254793,-3.61557975765626,-2.24657224235007,-0.211045386379074,-2.61231364260544,-0.498824903469339,-0.540621729470286,-0.892124369742679,0.71361607036299,-0.00505684318418047,1.30031427654907,0.0619709571552668,0.366644340465455,-0.616578574234268,-2.32595465999894,-0.324412881680578,0.0590810255012292,-2.40590663634209,-3.47102204536209,-1.84153194895788,-0.606778661792143,0.498377901505064,-1.71082034510015,-2.81039024116249,0.0179886553872961,-2.35402976107601,-1.35362364555388,-2.44697013229445,-1.0899730146015
"3_P1-200-8",-0.296931394837257,2.98262147560391,0.155265463153804,4.07373017453584,5.91939371563422,0.648151763499622,4.89672904720777,0.0349259797489802,4.90076899464291,3.12767618447112,3.73891916911563,0,3.31681114560157,4.40899174067711,1.46108533764622,2.67441733494713,1.94753916472545,-2.59224218070171,2.82769272429589,2.66515071905199,1.34833959219817,1.92458429565353,2.50391255131434,-2.16032775855526,1.38321020339792,1.3365312650606,-0.123402992360471,1.26611031788304,-1.33634666949589,0.347688371735639,1.48389513207036,4.27987620797216,3.51784707791491,5.12740165932375,2.21244577340789,-1.15233112978513,4.21590081418067,3.43714695818743,4.49126670857529,-2.11522896246173,3.44303947700606,2.61183145597111,3.46120750256075,0.617545248246122,3.34129737333541,-1.62316220802702,4.69369873843467,4.63922834399433,2.69742752555819,0.973488340508434,-1.82421266999016,4.79899660244777,5.50817021735445,-1.30491076498761,4.55946528929259,-0.809141444835505,4.25715239020095,2.59720581356344,2.27176142598325,-0.0677350900472239,1.09675384387613,-0.656849961800884,2.41692357547502,-0.210826526770784,-1.31297983008039,1.82572259943975,-1.65092538215103,-0.47837437755182,-0.192447309797865,0.0294627385418501,1.28659795265843,1.47716759095568,0.718085853152338,0.120817927259227,-0.507107970876887,1.84342136404899,0.0525750529346036,2.94702880194717,0.0985464199875392,-0.21599596360362,3.46818131174143,-0.486057521288892,5.78239335003719,2.8793350807719,0.0261009812327576,1.15052404182313,-1.83298121894871,0.829208117804775,1.25412702475141,0.621061210718639,1.94920521381081,1.74100749696842,0.258184949907683,3.27033127069657,4.51889130479012,1.52004536422807,1.62507920619752,-0.759985009484742,3.9322420078109,3.57746587537976,-0.227831902067442,3.26396509185996,-1.80757560100477,3.4591787815276,1.97353856688917
"3_P1-40-8",0.185619176258581,1.27741232519079,3.05533182791573,-1.27555562382828,-2.58030690778058,-1.10789614904039,-1.63580098917071,0.907180734499856,-0.395601453581712,-2.39455477285227,-2.15823829679065,3.31681114560157,0,-2.25463756444048,-1.62499844900261,-1.88874366029045,-1.35067771069479,0.442110178207416,-2.41688890702417,-0.0929406023112925,-1.88512368636955,-0.823895581168377,-2.02807268074223,-0.101848910101752,-2.06456602714686,-3.33399718345366,-0.5840627390437,-0.167572745741474,-0.555371261458427,-1.43380384038252,-1.14156281529724,-1.45364130041879,-1.98579653973195,-1.80742770474684,-0.203944877509268,1.41127500712795,-1.62939809800338,-1.28357971654922,-1.82011266412642,1.0525858433792,-2.90346495400558,-2.45161227055556,-1.99793378559258,-2.38542053278189,-2.1979509994387,-0.612680727087518,-1.53582146097525,-2.50214791507849,-3.4206606556887,-1.69953126043314,-0.726033902380098,-2.1861995624876,-2.80668434253257,0.0461133797472663,-2.54755913775641,-0.147970999087855,-2.29129274404637,-1.43983894485102,-0.786097897918312,3.1314510684172,-1.19339104109122,2.18506222228056,-0.831640794716125,-0.928536574225549,-1.01704772465411,-1.26983067913774,-0.600286866114039,-1.64844909017229,-0.912826618389721,-1.10863458476146,-1.51165522171687,3.66957034190259,-1.35189337066573,0.138327569537487,-0.345254550727001,-2.51081918931251,0.405103278762491,-2.94476599047066,-2.31065526992435,-0.375689073928472,-1.55878189234735,-0.453165687510124,0.547022447212577,-0.592700998785236,0.919880143810961,0.937999319948237,1.21119054524185,0.89108577785574,1.28417556217722,0.0343074844996967,-2.42873269302134,0.461613378094521,0.00911893896424322,-1.43495538552717,-2.58139553304612,-1.52953718597646,0.152503280638848,-0.0452205665479812,-0.918889168174672,-2.34159855753329,-0.411945798546469,-1.34663384183675,-1.41630469947954,-1.53547007564279,-0.548765619458426
"3_P1-60-8",-0.517422316240388,2.09077354162317,2.83626629523479,0.389716241198615,-2.15490820660417,-1.34336657677692,-1.79308699804576,0.17762307160273,-0.489812187168555,-2.22984602318316,-3.55766416211345,4.40899174067711,-2.25463756444048,0,-1.26287728202991,-1.68580954961495,-1.29478145722221,0.194268173475686,-2.21381791435464,-0.198976547963637,-1.48773362961037,-1.25204533427811,-1.89205116640322,-0.332081792783824,-2.47802157938547,-3.29533771443473,-0.926506515101278,0.174294299405217,-1.10213682179688,-1.63947314945374,-0.801424694472116,-1.62103487574536,-3.00446784060729,-1.66333931341443,-0.186745003745841,0.60142643666822,-2.09237535727934,-1.87819273903635,-2.81174126942627,1.22840809860268,-3.52385583154827,-2.2217943912154,-2.92684011405801,-2.60819191895998,-2.0395341218454,-0.794233983140657,-2.3984953018374,-3.07617003796866,-3.95017225476434,-1.83895908475392,-0.999043564516969,-2.46660251080139,-3.51113025826025,-0.435985628941501,-1.97420541427046,-0.712722732491309,-2.21348939877717,-1.37827358202718,-0.988858206024097,3.23151692062906,-1.42050315749065,1.81917476818933,-0.934331263227488,-1.32236367395963,-0.807781309273872,-1.15479267426469,-0.622558508074117,-1.48414707518463,-1.08996058255714,-1.00025399914276,-1.43460850404905,3.22881782777409,-1.04099913221059,0.456761250866521,0.280476442091018,-2.42039103937315,1.29928089803569,-2.5920092409231,-1.87762436354556,-0.38126877524834,-1.20972840853388,-0.0235854922898561,0.299553028872647,-0.242499322275494,1.66489035538372,1.64880768140297,2.32979690513641,1.56530679020458,2.02016032592748,0.471334801946271,-2.17593616668934,1.89302541703673,0.415323689823604,-0.455338284277423,-2.28784538190999,-1.43331846291478,1.13173745755022,0.163533346948404,-0.172137407710897,-2.29658469181779,-0.554760150782095,-1.26539623235875,-1.38744675802772,-1.18280588506396,-0.36224492990861
"4_P1-90-8",-1.64542042519582,-0.53058339763073,-0.337819159521617,-1.25038363675578,-2.31022612898793,-3.98696898098803,-2.51144903823565,-1.22305044712394,-1.98690683088105,-2.28407824570275,-2.17894992069195,1.46108533764622,-1.62499844900261,-1.26287728202991,0,-1.61655811373681,-1.9401102950647,-1.66248016707837,-2.06961473208936,-2.68432849096794,-4.36376858440871,-3.39604641194313,-0.764269552983881,-1.59966049519086,-1.79751653231985,-2.64251396849385,-2.06173403879595,-2.00361295156573,-2.21099197783425,-2.46412197418183,-2.45188738103787,-2.2777119424807,-1.71430269091982,-1.0377395026849,-3.3704951640154,-2.39484332205054,-1.5510709599789,-2.35238744187432,-1.39443881329107,0.378454284550933,-1.84929659741662,-1.57938217721006,-1.99752160962235,-2.52655327065323,-1.27537199791697,0.270163451263852,-1.61057730601044,-1.66036827245509,-3.72688661985945,-4.02939185656188,-1.24049694977511,-1.50476772616664,-1.39916244855436,-2.47034830859337,-1.02576176820746,-2.02867798378197,-1.56749390081511,-3.8387127858099,-3.96314773838558,0.599184202706124,-1.63022428518449,-0.693573492405254,-1.49345871538856,-1.82307528012153,-1.51580600364516,-0.293987611286502,-2.22541257997054,-1.86411446769892,-1.37839600190827,-1.85445691186726,-0.559732985415216,2.54729543320563,-1.55735373384976,-0.70951547486501,-1.61473530087383,-0.714796494114406,-0.669754535000471,-0.899379236089206,-3.17377031961973,-2.49969286405575,0.359643383377834,-1.96564850235625,-1.40617160328296,-2.07362950978563,-0.520690074951916,0.841678991876588,0.18342995130954,1.06852114373489,0.328210217355768,0.00983969836621734,-2.79490999178385,0.962220099140171,-1.25055747764954,-0.23030814410753,-0.724030834716031,-3.53059037547767,0.63585862078471,-1.17934622610506,-0.970263077871555,-0.811299078277449,-1.47112385159724,1.4332622756883,-1.68563966840967,0.401387422994323,-1.265275577114
"4_P1-20-8",0.155798626984247,-1.94901716025022,2.21335283470948,-2.65500213494378,-1.98711742227955,-0.429321337204382,-0.748667355651288,2.63148867452292,-0.617484288213586,-1.66557009484514,-2.80322586969243,2.67441733494713,-1.88874366029045,-1.68580954961495,-1.61655811373681,0,-1.07241982146712,1.03748734235433,-2.98526832818598,-1.57908662531102,-0.872714315424226,0.240393962222011,-1.53237944777489,1.01731394388724,-3.21898133890813,-2.65897378008032,-0.574189896100562,-1.42863449858346,0.718698006927392,-2.16442443998369,-0.803001931804139,-3.83713946393921,-3.68361505581368,-2.24720866822955,-0.349803471335448,1.89481627048998,-3.41174771950991,-1.96121755781573,-2.79575797033995,1.35330287914453,-2.70433113971102,-2.64703220984407,-2.70470709448663,-0.835791921633031,-1.72478082376872,1.12573926144679,-1.42201760161546,-1.71867945360262,-3.72177866334789,-1.73272922833484,0.722549249959472,-1.33794765912673,-2.20834823099328,1.95283002546341,-3.02437644163623,1.52993305146756,-2.84885762038296,-1.93847499544412,-1.6034053352912,0.0465266849812445,-2.54521097124579,1.59514721073411,-2.30596421767377,-2.05190985912239,-1.33189967862961,-1.57923304909425,-0.672525767712706,-1.91724217571651,-1.3325952009806,-1.73939558015549,-1.46250674246585,3.84843899976665,-1.81507320439281,-1.71330899994206,0.485665824379981,-3.39772242213291,1.4108520534926,-3.95552961852918,-2.40555790549909,-1.09719960516445,-2.12509782612548,-0.942990115098453,-0.625702699524996,-1.11505084115593,-1.17477245128846,-1.28616058522263,0.172043715625463,-1.16254988764926,-1.51144670442426,-1.26520793965447,-2.0631289026927,-0.416475021527803,0.976055817762129,-2.07819877803698,-3.29759432141088,-1.24453686310334,-1.08992076885645,1.61416134852619,-2.0083956205507,-2.65972385225994,-0.319812182324264,-2.56431729245988,-1.22154138267985,-2.53111321021993,-1.33129221173311
"4_P1-100-8",-0.463789597288516,0.0474128749584208,-0.108396527879637,-0.846976635990767,-1.3957687229435,-3.0399441461438,-0.277692695220894,-0.673249847696661,-0.282963671354136,-1.6773509735417,-1.49891477574852,1.94753916472545,-1.35067771069479,-1.29478145722221,-1.9401102950647,-1.07241982146712,0,-1.41538094226631,-1.05235795418524,-1.79980050789793,-3.46077277471552,-2.42433745201633,-1.28838862778632,-2.27616823166642,-1.48674536794226,-2.66223163536859,-2.16772769006615,-1.55741724466203,-1.19815983739465,-2.05087069125731,-1.77772856992349,-2.10518641304671,-2.38589482858767,-0.786624767360769,-3.07157225960619,-1.48663800139781,-1.82075290893576,-2.57990723150401,-1.34278350639492,-0.336639572721095,-1.49430024360879,-0.705583832100494,-2.5202980961835,-3.2345946416986,-0.545217095022048,-1.45990279145649,-1.46209238623145,-1.7008982763038,-2.96875978638972,-2.89292341078919,-1.57267712059679,-1.34948334918472,-1.07448867086526,-1.89267590932466,-1.00151791731424,-1.5245117940591,-1.28263067820189,-2.3618511081435,-2.64885121770321,0.933968243457989,-0.293808599598734,-1.19165760296919,-0.246654002494815,-1.08046722552207,-1.58049932280204,0.468815572411389,-1.73329578337059,-1.10508251266688,-0.940582431333966,-1.24176604570273,0.597616545491897,3.41148560911504,0.127170507501979,0.772336347788793,-1.13813998368184,-0.413550542212825,-0.511891027814361,-0.226807296345513,-2.34718187731052,-1.60562785922947,1.43180488993506,-1.12658463225076,0.94357679881916,-1.15442424086665,-0.348769614430292,1.6563402319268,0.686834211044475,1.32368002187669,0.67582769847026,0.940126968679123,-2.64499083441791,1.35623286404642,-0.407194694853977,0.536524187452273,-0.123126823453223,-2.90323430360203,0.958483564257141,-1.49054785634869,-0.816835836371005,-0.707507641448358,-1.11060788094223,1.58892839955222,-1.78951878612488,0.79885600133566,-0.933694251086642
"4_P1-200-8",-0.148709147584937,2.08215954154979,0.143399155027679,1.20794507005963,0.810594063266524,-1.44513246090436,1.55347944378323,0.364624563327864,1.39214714299952,-0.655950492067604,0.590347218824994,-2.59224218070171,0.442110178207416,0.194268173475686,-1.66248016707837,1.03748734235433,-1.41538094226631,0,1.41876391599174,-1.19302698367234,-2.7219559262334,-1.67838258313171,1.37910187894333,-1.76854029634024,0.997954652611273,-0.79696343875681,-2.88242659682818,0.622597717209285,-1.81542168716892,-1.3282665896356,-1.76791575840362,0.11644629186221,0.230578727739729,1.28181457362667,-2.0083260877751,-2.25006127614305,0.299908822953459,-0.150300177733343,0.481714026374166,-1.38754717687533,0.366187234646494,1.58466545507725,-1.85626161621513,-0.505702040952466,2.43305823617932,-2.08696880928671,0.66648319669538,0.240536855258491,-1.0013626038241,-1.82924923932398,-3.01395032674385,1.2203279189984,0.698851634601148,-2.71091227809515,1.0505306734164,-1.4002429621826,1.18885044408253,-1.35016096590456,-2.34672238681442,-0.871357871520429,0.824799471756234,-0.816844938301869,1.62203269582861,0.253277158383171,-1.35051757401502,1.1028264118899,-1.72672196118751,-0.740988063518447,-0.307983196618272,0.925323291195524,2.09754089155647,2.50811811285713,0.879538269760631,-0.0633286571747828,-0.829491755453409,1.11218327586151,0.490337600948625,1.06426056632755,-1.6243128268673,-1.04258838348463,3.10950387046403,-1.15901227376478,3.89095719699421,1.04345325802101,0.276224950323224,1.97786230754246,-1.6869384451767,2.09415848204639,1.45849617086495,1.67233290232061,-0.333385010964994,2.24474135322737,-0.398026668446843,1.32945210572796,1.44434701406216,-1.81592927655495,1.78286039470832,-0.766920884222092,1.14865529598277,1.00656144361963,-0.702018638489184,4.00318249389612,-1.44835961580237,3.25743512368912,2.71282628191542
"4_P1-40-8",-0.699321339176579,-2.42294111238521,3.52455473298175,-2.62325635548328,-2.94068584127327,-1.13725612317579,-2.64522609075298,1.89200106168323,-2.95446439256487,-2.29549536593712,-2.94244107058343,2.82769272429589,-2.41688890702417,-2.21381791435464,-2.06961473208936,-2.98526832818598,-1.05235795418524,1.41876391599174,0,-2.47486914298341,-1.08285118355476,-0.0447707526380062,-2.11962684067094,0.904499980394711,-3.2312326311287,-2.29130692125107,-0.074437797056163,-1.24957313365199,0.40908993391635,-2.64725419544976,-1.57602719388819,-2.79585792918112,-3.03242052778793,-2.13672407947254,-1.42339081866897,2.05953609186349,-2.10163034698572,-2.45064335556221,-2.66522179880226,0.733618502457036,-2.58044164606104,-2.8892886942691,-3.03559245398564,-1.75646900284317,-2.27746617493325,0.168314597015575,-2.09255613055251,-2.5001318815458,-3.72753443257952,-2.3572470228562,0.292884344167501,-2.10706016704621,-2.50229254841305,1.59934271743165,-3.78085541545481,0.894294694656972,-3.41830083974478,-2.58391224918017,-2.27129338543797,0.342623471014812,-2.09051193308718,1.57382216230342,-1.97409305720539,-1.86876627378518,-1.09694644143885,-1.23704855598062,-0.380539859730161,-1.7081637237094,-0.951259512167554,-1.41106950968865,-1.70697546889177,3.79122618375848,-1.76279658819246,-1.6996910656243,0.133055868718272,-3.45781132194332,0.775451258783057,-4.04949454293297,-2.24826582886683,-1.13426379439649,-2.30841327025053,-0.584415980688441,-0.99003878418448,-1.01673106563587,-1.13381314571776,-1.4887325260943,0.0602544569291169,-1.43157425791519,-1.72788430249622,-1.66047822644464,-2.35193669205431,-0.564840426438646,0.994034738109394,-2.24004112897857,-3.53878556452499,-2.16701726323594,-1.1593963169678,1.24976235107298,-2.53541899649876,-2.91726253233982,-0.130756936336481,-2.14119415796521,-0.74349245133067,-2.1968159089476,-0.435371600660211
"4_P1-60-8",0.253577127115327,0.355722654821121,3.16464502879869,-0.628786675423204,-2.25133876634412,-0.3871178065663,-0.978100522895424,0.869312017706651,0.151417523171622,0.258711154825826,-1.22610209241385,2.66515071905199,-0.0929406023112925,-0.198976547963637,-2.68432849096794,-1.57908662531102,-1.79980050789793,-1.19302698367234,-2.47486914298341,0,-3.12726608862822,-1.32525807732614,-1.53163978680251,-0.838226986560213,-1.90666771537613,-0.6255980085569,0.238772330605242,-1.05740937724792,-0.102614467978325,-2.7947461713103,-1.21513514756842,-2.24661985533452,-2.24017179473056,-1.44813201776678,-2.83856693976125,1.36155616304312,-1.97988755236744,-2.62186610015633,-1.99473747328907,0.249705595187648,-1.65734051045367,-1.57745986757381,-3.10877021357078,-2.01429638505698,-2.02335329762466,-0.895590244551452,-1.27221614898235,0.0446621086217229,-3.51832858321938,-2.89857399530493,-1.72729503352582,-1.42246295150258,-1.41604086917071,-0.377528260685968,-2.58487057457947,0.569789966381368,-2.54860873503509,-3.78234970437771,-4.40819384113879,1.58180785371099,-2.84884875033262,1.99136498704632,-2.49864993814095,-2.73939953309884,-0.4254294041669,-1.08975811642811,-0.988345917307742,-1.32696758904216,-0.112787342682247,-2.6075467564315,-1.95072739913556,3.96234053110341,-2.09961228295809,-1.47526644121564,0.275486558787521,-2.07419078110536,1.40056663741815,-2.22468324420564,-3.21831678681967,-1.45236131009648,-1.62113975947558,0.0145396307356195,-2.70351914715042,-2.42479619870161,-1.19247200882335,-1.64975275992893,1.3117009210333,-1.44660255488713,-1.5099342659503,-1.44492471112219,-2.51477599237493,0.0283340127049244,1.40748736595717,-1.43194616619613,-1.98515222541106,-3.92247949195967,-0.68422430988827,1.03382124049004,-1.8259580441731,-1.83224744313967,0.720604358903837,-0.27632424636833,-0.605768408505987,-1.26987400507276,-0.334233117982682
