"","1_P1-100-0.22","1_P1-20-0.22","1_P1-200-0.22","1_P1-300-0.22","1_P1-40-0.22","1_P1-60-0.22","2_P1-100-0.22","2_P1-20-0.22","2_P1-200-0.22","2_P1-300-0.22","2_P1-40-0.22","2_P1-60-0.22","3_P1-20-0.22","3_P1-200-0.22","3_P1-300-0.22","3_P1-40-0.22","3_P1-60-0.22","4_P1-90-0.22","4_P1-20-0.22","4_P1-100-0.22","4_P1-200-0.22","4_P1-40-0.22","4_P1-60-0.22","5_P1-20-0.22","3_P1-90-0.22","4_P1-300-0.22","5_P1-100-0.22","5_P1-200-0.22","5_P1-300-0.22","5_P1-40-0.22","5_P1-90-0.22","6_P1-100-0.22","6_P1-20-0.22","6_P1-200-0.22","6_P1-40-0.22","6_P1-60-0.22","6_P1-300-0.22","7_P1-20-0.22","7_P1-40-0.22","7_P1-60-0.22","10_P1-20-0.22","10_P1-40-0.22","7_P1-105-0.22","7_P1-200-0.22","7_P1-300-0.22","8_P1-100-0.22","8_P1-115-0.22","8_P1-20-0.22","8_P1-200-0.22","8_P1-250-0.22","8_P1-40-0.22","8_P1-60-0.22","9_P1-100-0.22","9_P1-120-0.22","9_P1-20-0.22","9_P1-200-0.22","9_P1-40-0.22","9_P1-500-0.22","9_P1-60-0.22","10_P1-100-0.22","10_P1-120-0.22","10_P1-200-0.22","10_P1-500-0.22","10_P1-60-0.22","11_P1-100-0.22","11_P1-20-0.22","11_P1-200-0.22","11_P1-40-0.22","11_P1-500-0.22","11_P1-60-0.22","11_P1-70-0.22","12_P1-100-0.22","12_P1-20-0.22","12_P1-200-0.22","12_P1-40-0.22","12_P1-500-0.22","12_P1-60-0.22","13_P1-100-0.22","13_P1-20-0.22","13_P1-200-0.22","13_P1-40-0.22","13_P1-500-0.22","13_P1-60-0.22","14_P1-100-0.22","14_P1-20-0.22","14_P1-200-0.22","14_P1-40-0.22","14_P1-500-0.22","14_P1-60-0.22","15_P1-20-0.22","15_P1-100-0.22","15_P1-200-0.22","15_P1-40-0.22","15_P1-500-0.22","15_P1-60-0.22","16_P1-20-0.22","16_P1-100-0.22","16_P1-200-0.22","16_P1-40-0.22","16_P1-500-0.22","16_P1-60-0.22","17_P1-100-0.22","17_P1-20-0.22","17_P1-200-0.22","17_P1-40-0.22","17_P1-500-0.22","17_P1-60-0.22","18_P1-100-0.22","18_P1-20-0.22","18_P1-200-0.22","18_P1-40-0.22","18_P1-500-0.22","18_P1-60-0.22","19_P1-100-0.22","19_P1-20-0.22","19_P1-200-0.22","19_P1-40-0.22","19_P1-500-0.22","19_P1-60-0.22","6_P2-20-0.22","12_P2-100-0.22","12_P2-20-0.22","12_P2-200-0.22","12_P2-300-0.22","12_P2-40-0.22","12_P2-60-0.22","15_P2-100-0.22","15_P2-20-0.22","15_P2-200-0.22","15_P2-300-0.22","15_P2-40-0.22","15_P2-60-0.22","17_P2-100-0.22","17_P2-20-0.22","17_P2-200-0.22","17_P2-300-0.22","17_P2-40-0.22","17_P2-60-0.22","17_2_P2-20-0.22","6_P2-100-0.22","6_P2-200-0.22","6_P2-300-0.22","6_P2-40-0.22","6_P2-60-0.22","8_P2-100-0.22","8_2_P2-100-0.22","8_P2-20-0.22","8_P2-200-0.22","8_P2-300-0.22","8_P2-40-0.22","8_P2-60-0.22","18_P2-100-0.22","18_P2-20-0.22","18_P2-200-0.22","18_P2-300-0.22","18_P2-40-0.22","18_P2-60-0.22","20_P2-100-0.22","20_P2-20-0.22","20_P2-200-0.22","20_P2-300-0.22","20_P2-40-0.22","20_P2-60-0.22"
"1_P1-100-0.22",0,4.32768854868301,-0.409816165010706,-1.56042897494137,5.80240743791756,3.66545182936295,-0.898894507729037,-1.81565441699734,-1.39232244234034,-0.903463857895429,-2.09013888593739,-0.446804662571,3.30458547840851,-1.63390950558331,-1.23226364335643,-1.63037005266768,0.0773510543989124,3.09621605120505,2.25794358276839,-1.88754060477231,-1.50437959417938,2.72802886535945,3.58067249056652,3.67256832060727,-1.96085123850165,1.47661996075512,1.64947536887424,3.15370018921419,3.05955672793883,-1.38631511206791,1.58759314919902,-1.85223280251192,1.65059486756159,2.82941917313063,-2.29304441000325,-2.07556209236389,-0.2770088865535,2.75824016756583,-1.62454965201151,-1.50176942715647,7.49777610719218,0.101060511274287,-0.979645837154597,-1.15756316334561,1.63732553847559,3.24936227968944,5.26364337907389,3.6442454141679,0.972680882521792,-1.20625047638777,2.48226512612344,2.55644399582624,-0.381050240872955,-1.0087352274297,6.3975289482236,-0.142390106664052,6.0800957608648,1.17013127737874,4.71274912072122,1.14905086165588,0.433283899931303,-0.0106014077541933,1.82612656390507,0.395866091529268,0.809097316307276,-0.756134620337716,0.680601007168469,-0.684454488450411,-1.54135162079158,-0.940351972582044,1.83820296662585,0.16941466959729,-1.10380698841638,-0.971975856999992,-0.403083865198396,-0.362797379381844,-0.747715289546215,-1.65953987692906,-0.794610684041556,-1.6469039147045,-1.17933460802886,-1.34240157553801,-1.17688218975223,0.528839322935866,1.25402692830101,-2.12101203700141,-1.39991708182249,-0.704397606638474,-1.28017510976943,4.01905935664582,-1.57308210821647,-0.292166744991862,1.70769425394441,0.684905396177011,2.48826092751271,0.916257612803762,-1.59956374384413,-1.85309893694829,1.94708797265892,0.113349103407207,1.45599449150263,-1.75308324500953,1.85197470677949,0.0240761048044056,1.37424498770272,-1.1749293898253,2.00985004363679,-1.33847335694361,2.10365381948699,-2.08934393801379,-1.02015125728821,-0.870105434195108,-1.65818500975409,-0.69769277113049,1.7385226295676,-1.96669370481908,2.70904753520283,-1.75803522791215,3.19007410308975,5.99179686698979,-0.405444621402267,-1.30939654541216,0.151286151617788,3.09053372121782,2.66001579414489,-0.924294631229173,-1.20331776889256,1.75410733371943,-1.1501402057211,-0.213487623301683,3.51172562657169,-1.35548092038611,-1.17721943493716,6.25601410427236,-1.99588513338107,-0.492252206527278,3.3780364838493,1.70649223039498,2.36912127990513,1.10957667837594,0.227234145271908,4.17866788115828,3.4345740807792,6.88077084416223,0.00608015630713005,0.345568329188324,5.36889319447494,1.74714964285715,-1.39603829403387,3.83609254652019,2.4281824481648,-0.991179396709158,-1.31021299576328,-0.422815376261056,-0.77909586286291,1.56419563319525,-1.54614793365142,-1.31907593135021,2.60127100880968,-0.785234728049261,0.643359296999136,2.29815035662433,-1.09780258800375
"1_P1-20-0.22",4.32768854868301,0,11.2575188755755,14.4503486652678,-2.00433626152325,-1.08326331864533,-0.777342003668307,-0.428501839238978,4.71466887893798,10.0705649021308,-0.33046939193567,-0.746660031139597,-1.74240000271759,7.77993256137393,12.5671799449839,-1.49019605339856,-0.56516663030684,-2.24392811894477,-0.720613014606597,-2.07512967917545,3.42766232655096,-1.33610044598648,-1.64203107487112,-1.37031146560958,-1.36601588666674,8.16727815016818,-2.06433080401667,7.60221691380054,2.68723196712863,-1.54722442323663,-2.00994046582773,2.88726615296958,-1.91323940164392,5.58790836257545,-1.71313101975965,-0.975612588384461,6.60316224642824,-1.58284857671415,-1.44032419642587,-1.37169300165749,0.931786270103395,-0.489554801866266,-1.24240639045048,6.03784762555951,5.91509105434721,-1.97081496673735,-2.3876662436593,0.163716305313069,6.81547639967662,7.16628133595793,-0.775502577365064,-1.64649941108955,-0.903147410205288,-0.284082263367649,-0.444897343938119,4.32217093821385,-0.8876957492909,4.31289927182764,-1.21093345621548,-0.516763066493343,-1.46756208438376,6.79959280253999,1.96430387549037,-0.0860839071198945,4.5801961831473,-1.35930010104554,10.6787383258672,-0.662789091633229,7.50366055615703,-0.714060681112313,3.32504576267582,1.26916340688053,-1.55074138395583,3.51917986976903,-0.910030036144695,10.3734573213977,-1.13794170962122,2.35528551827235,-1.38111313156336,6.51594794758981,-0.949107608184661,6.83206997228052,-0.694563926882032,1.79532938533315,-1.77893593339169,2.93107770427909,-1.41261610540395,7.84617929041453,-1.69671901602076,2.07919771662659,2.0605040967267,6.18473016416766,1.54971632030779,4.19044257882393,3.17360203619483,1.6651441290928,2.46581411050274,4.42425290438467,2.69416144883785,9.06930901826727,1.60772935150445,-0.284645728095716,-1.43859689422482,6.53075417520864,1.46679133435819,3.4965789960027,-1.37859629234259,2.19938549280515,2.38442892982255,3.20363595653298,2.62030852506265,4.69938517226724,1.37269839660825,3.15641267053226,2.19229624571448,1.24124513440119,-1.81253467553208,2.62248844934653,-0.911339287518569,1.81187901061176,2.88417010065442,-1.78963950550522,9.8776858539421,6.44831385214417,-1.96641609811998,-1.20828725768036,-0.633505695937117,-1.97400692767362,5.676118503969,6.42209247431649,-1.93675480547805,-2.20645823589237,-0.886037855653401,-1.44453236915502,2.14764045653279,5.79664064703713,1.78869937986822,-1.81755456327465,2.77070090979038,-1.70442870293935,1.76512549226733,7.25021630475196,0.380944025810781,-1.21294249907535,-1.29832672127113,-1.15093259381862,1.50955696396701,4.53138924841184,4.79779731001876,-0.755814587881714,-1.82522146460612,3.22969311964176,-1.70644984828279,6.81884555699199,8.48676157364933,-1.8641170822052,-1.94129500379152,0.846526503568734,-2.227310909955,4.9414383492147,4.56949247218247,-2.26610219696986,-2.12220808293998
"1_P1-200-0.22",-0.409816165010706,11.2575188755755,0,-2.01050274369028,9.84662949225008,7.63204189176377,0.105236987316892,0.341929754762263,-3.07169181238714,-0.648177021307788,-1.26413745899372,0.600626030463568,10.2759730463048,-1.40022015852998,-1.68809795185666,-0.289298118480562,0.693987788705335,10.6621214943849,9.43571903731267,-0.296091544391616,-1.16407107211094,10.3919720508469,11.6136018300767,10.4360647872693,-0.490722491065294,-0.352526547184783,8.57778377147552,3.29910569359785,1.65705851938028,-0.600591060264922,6.8201506875553,-1.35681958053295,7.9659647838229,2.67460670642457,-1.28330461861659,-0.67222913429827,-0.597295020769095,8.44832028961323,-1.01675118952203,-0.367215208064831,16.0090007793599,0.236014389070976,0.231042627214405,-1.65625592737221,-0.244871843429999,7.86407709241246,10.0762212641162,9.63442026914215,-0.846365534538165,-1.09235592990175,8.47010713672874,7.8753139991087,0.814702436429739,-0.30805497972536,11.6380497758814,0.35501456686872,11.1418242468259,-0.725732391886643,8.7869834392721,-0.506722410343134,2.18392016856729,0.484119805994055,-0.31754885551659,0.774654276990528,-0.680249925469955,0.397462730926205,1.29848143147189,1.01508060629859,-3.15799810737799,0.327382017924108,1.8061164865091,1.01292316981461,0.517292487637055,0.348908754126633,-0.385955978847246,-0.319543701636631,0.15886348020032,-1.32351489840833,1.16683280262314,-1.35021807533138,-0.0711728939285265,-1.85220394373881,0.315396046308673,1.68796534963374,7.28858515517304,-2.07366686281122,-0.511812501878806,-1.0622570162491,0.35804813815246,12.3510265853619,-0.672941571585053,-2.20120198186357,7.72547324527732,-0.0420957710925905,9.00182404663578,6.3770483920953,-0.49954985298666,-2.37130552991712,7.99830450224792,-2.01499618955571,7.22497432828388,-1.22792299223012,7.49889998660687,-2.11262454133438,6.46873048492298,-1.49609807352285,8.26082103311874,-0.564777081311519,7.8745601384601,-2.18639410043862,-0.0565337634285289,-1.42752275033045,-0.751940718756606,-0.124143133492098,6.98343388917961,-1.66624902445493,9.49642389620243,-2.29096667682484,9.29274678754494,15.1357454966036,-1.18589099770654,0.0410764379797356,0.800437195779025,1.9238051087958,10.2556290904646,0.36850941677544,-0.707303184300839,8.54995805275497,-0.924630224301308,-0.627119857861528,12.1195597104464,0.220674054423295,-0.579447588020591,16.6169140202851,-2.19309178280874,-1.20221953008973,11.321942265318,8.31367300488842,8.73043890521143,2.28553874776053,-0.0665512864451949,3.48112226263056,10.4479024035948,12.648455942305,1.40172399668097,2.22811325854499,13.8593462620849,2.12276170360853,-1.3002574717595,11.3985197116848,9.03633564172901,-0.898914847204699,-0.0993143569965378,-0.908162305875205,-1.58739751795366,7.44473404700516,-0.458855244528355,-1.0016280388316,9.85034016835693,-0.821856894043544,-0.333148726426223,9.96081538267488,0.45420340633079
"1_P1-300-0.22",-1.56042897494137,14.4503486652678,-2.01050274369028,0,12.8583166434567,9.28187572629383,-1.44504269486005,-0.263484611424387,-3.63575418483543,-2.10375874266689,-1.51719348812378,-1.04150964400656,12.9950132555298,-2.55847867475464,-2.42954818877712,-1.14725620527109,-0.752445426699948,13.8218764974935,12.0393725890152,-1.51006419291879,-2.44952943270431,10.5345167390737,15.3957983356925,13.035182309212,-2.17153320669025,-2.2072765803031,10.5369150491546,-0.31306165490345,-1.39420266238735,-1.98609239913131,8.83145990447669,-2.329487367489,10.6858345647884,-1.45362051590246,-1.50258356834879,-1.75276329649216,-2.62722516966237,10.9714180031251,-1.83861945008993,-1.75034999633312,20.8178211687553,-1.32804143562945,-1.47644304257436,-2.57189951168542,-0.792559249708311,11.0755496900106,11.500144201814,12.3952854422086,-1.64299777338658,-2.28481061350695,11.0414262396771,10.8968200667759,-1.36167460854622,-1.61049128470789,14.0145535376656,-0.280024614063764,14.8188968760211,-1.2515381329835,10.6110330437048,-1.45795463660319,-0.955776348792959,-1.25374386607536,-0.867624652691275,-0.0580551930434533,-2.81356556769923,-1.15138048801605,-1.86456718762483,-1.016231502271,-3.65248316525312,-1.7894219722572,-1.14363611837919,-1.73182481272706,-0.79286312754551,-2.11028528132675,-1.68374044857647,-2.12854180866546,-1.07321943652461,-2.81152394257449,0.245881596858611,-3.11721263301121,-0.871621900171562,-3.92648551399388,-1.17048396109108,0.0971896267255111,8.67352532873745,-3.48962814670732,-1.02830187873382,-3.27335812152778,-0.516553006937899,14.2344079206171,-1.56665978660131,-3.67947545627004,9.1166800818332,-3.01045442746948,10.203206789265,7.22603887094042,-1.39745187608834,-4.15348062082445,8.69273246389505,-3.91056161505365,8.58882198312122,-1.94845713257139,8.38461908271661,-3.76604777136181,7.56728619749806,-2.62376075597102,11.5026437646115,-1.50349556526919,8.60999493879075,-2.95940223973624,-1.01889033428179,-2.51294847435054,-1.24442404516821,-1.39261095316262,7.74634749020485,-3.01976602218198,10.9783363371543,-3.5343849592443,14.0120789049063,18.1471328137554,-2.92415377556243,-0.546548179898541,-2.57311402389773,-0.721012391897506,9.82056300733647,-0.94261182899496,-2.35818760694018,9.9039650714274,-2.8562168382458,-2.81964744469777,14.7047461914782,-0.263104685132304,-1.04456175426393,21.2663035273431,-3.67936112889539,-3.48500663402199,14.13695532083,10.8140925385091,10.3866901904225,-0.877183950490546,-1.30177690240855,1.56963675835947,8.95000252700692,10.5772605751594,-1.23808078644398,-0.744780689494781,12.5611013719194,-0.778532241950962,-0.937901056150838,8.67378163437803,8.46364491439337,-1.97262523612083,-0.463613613112264,-2.73543895862787,-3.96133325194373,9.33817567046914,-0.920628979733182,-1.79309829286146,12.4337253756511,-3.29289847119938,-2.2211543848059,13.5423596214588,-0.122718988583542
"1_P1-40-0.22",5.80240743791756,-2.00433626152325,9.84662949225008,12.8583166434567,0,-2.23548920450637,-1.60981344033215,-1.86755018881451,4.13930969377087,9.29678914739585,-1.42023320834268,-1.7050868606739,-1.91970271909312,7.13016018307703,11.7089348247014,-2.11632685099396,-1.39605909403072,-2.38675265440235,-1.91041225851184,-2.33000549727997,2.80463074383558,-1.7106931153848,-1.98773835324662,-1.58295701586306,-1.92302486275211,8.2879970066476,-2.36152657508058,7.80779073402529,2.82120744199777,-1.76575102355937,-2.56665268870912,2.50827771227184,-2.12432283505408,5.11368259145703,-2.0050378925034,-1.47553918937376,5.7887973360339,-2.01509366599861,-2.0890040185712,-1.84089292822181,0.115844813670155,-1.08473034383319,-1.82153394305223,4.78297277643381,5.97410927351959,-2.41337416753417,-2.43903600383528,-1.5030256518436,7.14174294812311,6.22423662581035,-1.88275808238876,-2.11213789564029,-1.31050803071634,-1.0415189776283,-1.07475439528561,3.35213809765491,-1.42102157936288,4.78551958845482,-1.50240514594771,-1.15557777272039,-2.25810912177577,6.03047141852389,2.42136279670659,-0.778964851024635,4.67814005773489,-1.94597782619523,9.95435830253622,-0.773163479807993,6.85464256222669,-0.766208219631224,3.64796647195962,1.15551526079281,-1.89223268303773,3.48717150747829,-1.24177584074698,9.64918347372203,-1.50339981561712,1.85819861263163,-1.70917100165738,5.92732216285485,-1.50900683992084,6.40437792648553,-1.16584197125582,1.49173243411325,-1.94164883031082,2.70375334060511,-1.62924054919137,7.41217735870614,-1.76599286731262,2.00205588324853,1.49907188568577,6.5641060832688,1.30004940951846,3.59795795542809,2.86211118152784,1.45800517276317,2.06285766975392,3.9485885457463,2.55050689173531,8.56326880679903,1.33822679063167,-0.467952549696542,-1.43652004921514,6.94317153983063,1.27807319069915,3.32125475924677,-1.37545054081074,1.90189826634221,2.36927669972627,2.98295791740786,2.09714884960406,4.29866403205971,1.06792182365819,2.87063164025769,1.87997279345204,0.947618092475356,-1.93592822323151,2.43611334725124,-0.935794355765222,1.21895775522633,2.46180819575646,-2.14656263160523,9.31889273733961,6.6926244107972,-2.04884938092897,-1.61613247768221,-0.95903667411679,-2.4974683736393,5.20373743421108,5.91826366157056,-2.43873685255579,-2.48928647244247,-1.12644433617506,-1.56205685930352,1.75405723740315,5.35492762428684,1.60554328735381,-2.04147012170953,2.52325760294024,-1.75828791902361,1.42802970629308,7.1968590827009,-0.797070698753236,-1.82905029699736,-1.49512376227656,-1.42870653337049,1.33406770720544,3.98245152881148,4.16149775246008,-1.06533827680502,-1.84975305883817,2.82230058192006,-1.87618536940364,6.25296155094265,7.92898527568749,-2.0562588781931,-2.09542310454006,0.414946061161381,-2.42080414215122,4.17869375711745,3.69661249386569,-2.45042090924412,-2.4710994459221
"1_P1-60-0.22",3.66545182936295,-1.08326331864533,7.63204189176377,9.28187572629383,-2.23548920450637,0,-1.95892549972061,-2.82344228231956,3.71548556657862,10.4695039908373,-2.48896552369841,-1.99142471507671,-2.61076329640137,7.40160326240649,7.85653173560333,-2.9925022113753,-1.67070811985692,-3.47427656149354,-3.20525537379893,-3.5469911891528,2.62917182610278,-2.53770879035597,-3.07901931290216,-2.55395088372782,-2.27340121709717,8.65596956586095,-3.45797399315417,9.14897231482123,4.69755630476127,-2.22500389271472,-3.06881581200435,2.24873617182484,-3.27757519880786,6.37527855459374,-2.93421126202828,-2.2705590167855,7.2217995675926,-2.74021022526058,-2.98670369985365,-2.82451555666772,-1.98590036761501,-3.33924802335835,-2.42200233051114,2.15750391637918,6.64026163737791,-3.28189991221157,-2.38244498803254,-2.96627247924336,7.45444593461328,4.00698408665452,-3.37702335601566,-2.96061350173062,-2.97221995133473,-3.25945684449607,-2.03942249349535,2.25226856167275,-3.17397130667741,3.25256767611735,-3.40792979870635,-1.78531448732585,-4.06280215387411,3.87500010455794,1.43131928892843,-2.55389893526339,3.9753688346693,-2.77445071200369,6.97033531540973,-1.43806978981294,6.95370379708067,-0.907718231621887,2.53050520020367,1.5374575579961,-2.44136818111203,3.17536110174039,-1.8004955085872,10.8067494892157,-2.15310696164178,1.99990299476526,-2.23176719671955,6.43768810080729,-2.24458410846333,6.83180278474433,-1.95571258261121,2.49295659831531,-2.1519063633477,2.1098805312811,-2.04932720297442,8.01815009479841,-2.20273813289534,2.28491972667399,1.39488210463447,6.62067938643304,1.04868275111866,4.97330382550349,3.02356415593125,2.08989396531572,2.06559281787035,3.98065254953843,2.76535801370756,9.01765297242868,1.22985061246941,-1.2413785803791,-2.02404367630483,6.88681993599814,0.801358709703764,3.15127593213413,-0.560131303724706,1.97977395901318,1.95601125525532,2.23721936683085,1.81002026512419,4.13092791200137,0.89581922964497,2.84100679346382,1.51710789430146,0.0703432777637063,-2.27418053139825,1.84694388945397,-0.782955094670624,1.70473993086851,2.78894131039396,-3.09774956484702,10.1453087715019,7.18688820722096,-2.85609254972249,-2.40026342494745,-1.59430842856754,-3.56178665826706,5.54168227101519,6.51514807514024,-3.19631161653682,-3.37350249280772,-1.59737820835902,-1.71202142950334,1.59908178309037,6.41112127589484,1.89766178659017,-2.79521026057163,2.66309035653539,-2.18281713658606,1.67623687984664,8.72237023637284,-0.821076554497948,-1.62552062343661,-2.18846688244461,-2.1118844486613,0.809233085310849,5.19294930867431,4.18038641652856,-1.03626985292654,-2.64907987286211,3.56469313795261,-2.54476482245285,7.12496044402037,8.8315037629236,-2.69673111764333,-2.79210182471193,-0.0359841339530052,-3.19317178257327,5.18964192891313,4.80147798464503,-3.09729965229948,-3.20342208060624
"2_P1-100-0.22",-0.898894507729037,-0.777342003668307,0.105236987316892,-1.44504269486005,-1.60981344033215,-1.95892549972061,0,-3.82361583559767,-1.23334012420591,-1.62550779033817,-3.95298720202752,-3.12957416627822,-1.78838880015385,-2.00613915615347,-1.81703519218465,-2.9529204567927,-2.88782507368297,-2.7895154869839,-2.44651711193604,-3.0044461793832,-2.23454813860782,-2.11261975477947,-2.17019079496595,-1.88572621011364,-2.66104538755603,1.20744347344785,-3.30936259321272,1.85488675250148,3.59990482478724,-2.77559216029871,-3.09070994296592,-3.19346042649389,-2.82847208004151,1.50116658063995,-3.61344536259926,-2.94991552942014,0.00510875513495517,-2.3828466516485,-3.84842321411135,-3.66842615865643,1.76987375309028,-3.57126273216977,-2.50948955644777,-2.76700432440116,0.883578527345452,-2.52079470624451,-2.04767814182915,-2.34192486504226,-0.0429926174976438,-2.6715989365578,-1.41887482844225,-2.07196958759293,-4.01506624934288,-4.75428775390344,-1.46116153562631,-1.7378530390491,-2.04746355057321,0.377691146489122,-2.75678287302622,-3.27435867837528,-4.29770680376954,-2.20735984715917,0.14252185610328,-2.96799971601195,-3.11707840589705,-2.44316915545022,-2.53003184787031,-2.61486503574704,-2.03334834517742,-4.76540011578551,-4.55051244051036,-2.31255878463567,-2.78188382223618,-3.9514256610422,-2.4403305454384,-1.0016274411128,-2.89616936357736,-2.85928978964847,-2.19573612212563,-2.23271975114357,-2.992321649166,-1.94613045947849,-3.14184125388661,-0.239802662934971,-1.83641584746364,-3.29043160964153,-2.40664947316573,-0.928254410664967,-2.51034648937895,0.526149847398902,-2.19649633301816,-1.28124079279582,-1.32867605354272,0.607513540392383,-0.691290063861049,-0.626923279721735,-2.21268188039497,-2.9022539623544,-0.413761858400237,-0.256678651070498,-1.18969998746946,-3.01777935955334,-1.6657110175668,-0.888777685153895,-1.43708630700979,-2.00850227116784,-0.329689003674575,-1.81720957148824,-0.349783823891348,-3.55857107227967,-1.66391767034915,-1.2058880312182,-2.36695158033804,-1.19721285058257,-0.54599644508624,-3.14713726273477,-0.897297279433347,-3.15996545048202,-0.599787832451259,2.40300863695759,-3.26785516054515,-3.04363610240942,-0.70042325061151,1.86562980857793,-2.07614138832087,-3.44596671853693,-3.19188793538935,-2.11785031139576,-1.97096882143502,-0.462809281452305,-1.38053300663643,-2.84709580709536,-2.39427749410156,0.554578106400646,-2.67866109467536,-0.493642978526636,0.587337992319499,-2.41389659481916,0.110739187012815,-3.27331187450549,-2.07283678439798,3.15947231448326,-1.41444991443432,-1.23551456060771,-3.96326672712123,-3.91744244828344,-0.197788389243473,-1.25519174019964,-2.88221035762113,-0.787551440445993,-2.07730507039324,-0.715175618994351,-2.4953023365274,-0.428628713965682,-1.06741336379504,-2.0461044771468,-2.46176365820765,-2.8855290741446,-1.82654149544506,-1.12873880021661,0.68762711292454,-1.59272998397459,-2.84030287260602
"2_P1-20-0.22",-1.81565441699734,-0.428501839238978,0.341929754762263,-0.263484611424387,-1.86755018881451,-2.82344228231956,-3.82361583559767,0,-0.406368459107201,-0.485543302952062,-1.18881140987982,-2.75235157641011,-1.56313643816133,-0.61303632024432,-0.428876531555882,-4.23025616245505,-1.10155720494865,-2.65141906650939,-2.40251325823921,-2.83012880939024,-1.21124173106077,-1.61376393704057,-2.27196094630988,-0.270217911234164,-3.36698831671733,3.81486087476332,-2.73162100158032,3.84295729292503,3.65660992178595,-1.76696867471203,-2.53438894165329,-1.52133151379375,-2.00581799128329,3.22389932740463,-2.2378806145898,-2.11119652299839,1.95809631304714,-1.64009914507026,-3.55378908983594,-3.40076723555036,0.281915200562839,-1.16356719824317,-1.97532333832346,-0.610153771199818,2.80875970529961,-3.82443298000562,-3.08651077853,-2.19069800538858,3.18850621693834,-1.53893439609861,-2.81095682567415,-3.22013885583174,-2.26706908150781,-2.43373043365076,-0.241437261360899,-0.0780718139176142,-2.2082676162811,1.04310547619715,-2.78106605439023,-2.76789086251905,-3.84832368027634,-1.65443187440333,1.29390803091997,-2.61977427240427,-1.00524408150846,-2.19612920952183,-0.835589803313304,-2.11500531544978,-1.00067258062091,-2.6714528969895,-3.3457518748677,-1.53331440134141,-2.15705433046139,-1.65109865369053,-1.71145567027503,2.64648215758565,-1.83861548363637,-1.56272793654444,-2.11366577088515,1.08683291081992,-2.1572053773266,-0.269310544745067,-2.03447658549301,1.92128645207038,-2.01366262383294,-1.34706773277856,-1.84009879854274,2.03799261245083,-1.87656581094049,1.45430000059647,0.811223596987608,2.36134645594024,0.590604451749304,2.82555532478055,2.18167768180662,1.17480565554618,0.87393936160521,-0.667548630208234,1.99182471296908,3.61917797853701,0.740745010722115,-1.65056828527325,-1.77262112651024,2.68920039497307,0.456094934443443,0.980904037494122,-0.190047437619004,1.11101758466032,1.36212998210669,-1.3094712486474,1.07078231379965,2.14827052293291,-0.141085563535346,1.72800211411641,0.928657644296309,-1.20316639711587,-2.1607410601056,-0.903802696310459,-0.462377929937994,0.695311710755983,-2.2169723636113,-2.93443903015176,3.34204335063075,4.97052856202175,-2.9872313465843,-2.91768388702945,-2.04482340711036,-3.04206113367278,1.48830136952853,2.76355231781645,-2.87538501702002,-2.85834484119402,-1.77241915269781,-1.67796768190946,-1.55560469091914,2.51287837621961,0.935053292299007,-2.48432597036376,1.64675965575102,-2.78078257144545,-1.43907739091727,4.81885573503598,-1.64805129904156,-1.98070406224182,-3.07705673171685,-3.01934447290847,-0.844084411048909,-0.6906529247892,-1.5489173831431,-1.85923696305126,-2.71118587599292,1.3290885430046,-2.3022029229057,2.23468661386015,1.97329722729026,-2.36130079618649,-2.51406230143028,-1.9159650865412,-2.85601265628229,1.3918838100904,2.81286148936561,-2.8914327977874,-2.85063726508134
"2_P1-200-0.22",-1.39232244234034,4.71466887893798,-3.07169181238714,-3.63575418483543,4.13930969377087,3.71548556657862,-1.23334012420591,-0.406368459107201,0,-2.18567311702291,-0.978596039345151,-0.839461274561587,5.51205186153504,-3.05823240330069,-2.74917600667964,-0.738500885645903,-0.653250710288626,5.97863303095229,7.15466263160774,-1.58989113558955,-1.88271679557474,5.99174125881118,7.86578727680113,7.2376004590711,-1.99599890189427,-1.98060162231,4.41708018496114,-0.816467993991553,-0.719585130918369,-1.09004820350427,4.59532616010797,-2.01201836478871,5.60974988388176,-0.605768039233854,-1.24608127115002,-1.475156029789,-2.26616325346411,4.72562975525048,-1.21214182485692,-1.01590580291606,8.34040899871411,-0.671196475699696,-1.18367346900037,-2.16346935483343,-1.00872274958101,4.2999633166226,6.60385984211502,4.50099749838138,-1.83581353873942,-2.03373053738807,4.4694740188336,3.20624061071087,-0.825405976839301,-1.08917119587617,5.08872983306016,-0.300379439835509,5.31455011032424,-1.59472120440208,4.34218684460993,-1.24278818469759,-0.460333934000706,-0.157015489634613,-0.586230585780241,-0.15042491419439,-1.77944191173064,-0.265970863477571,-1.38040853086581,-0.447174116765867,-3.17547879227731,-1.44869636503106,-1.01735278403224,-0.710110170739692,1.09485703087592,-0.9212683237196,-0.100550230045237,-2.65335307452221,0.393772169164518,-2.29874756160802,1.46728466438474,-2.45490787094757,-0.189697752853632,-3.05177620183957,-0.597851585377516,0.131367585459153,4.94651356759017,-2.96992881877444,-1.07250031781085,-2.61557748265885,-0.333954958228591,8.51347312580292,-1.68271487140306,-2.98889093911442,4.82664335781678,-2.4008033666457,5.72621609358637,4.19399621054341,-1.6062991001526,-3.21072142349413,5.32433583717302,-2.76930320605672,4.6717923363826,-1.81624720136403,4.94953081649042,-2.83173181894999,4.07964635891534,-2.25108936743084,5.16608730657382,-1.0216454602319,5.36131629884562,-2.25897002109131,-1.09594110056032,-1.84058246370101,-1.55335689286662,-1.03433699832869,4.87952493787919,-2.44402472255101,6.41626304974761,-2.52558464056253,6.29530575531049,10.5877900849163,-1.70608838238333,0.592847177355772,-2.72194793700536,0.205238199501842,6.87676727894837,0.164298485972092,-1.4672444092801,7.4914166886299,-2.07358302017453,-2.01750631735036,9.06229794806406,0.488365870968942,-0.875535557261522,12.9733066241198,-2.64927239016066,-2.30624643678869,8.58934727976404,6.28784297164312,6.84345408742356,-0.348603484973352,-1.36035173482609,1.35728661008968,5.42000118390532,6.36344918676835,-0.740430092296609,-0.431718317101015,8.38477400591816,-1.63498159813463,-2.76977883234523,5.8046881954289,4.90534845075569,-1.63243409154023,0.121102973830288,-2.05367116700649,-2.69907794145593,5.48414537919664,-0.349754538115574,-1.23119427758219,8.2587379398115,-2.2940792758542,-0.654322212198621,8.43109337085847,0.132167311169364
"2_P1-300-0.22",-0.903463857895429,10.0705649021308,-0.648177021307788,-2.10375874266689,9.29678914739585,10.4695039908373,-1.62550779033817,-0.485543302952062,-2.18567311702291,0,-0.689870008177509,-0.834829151072904,12.1825514490326,-1.40382450481555,-0.738397557500355,-0.911612668604719,-0.335575762601267,15.0671522312821,14.6560459204891,-1.30002832143101,-1.78272059354331,12.5800222966431,18.4910206728092,15.5303451697067,-1.42237878359159,-0.428525531871938,11.8241028796356,1.95264535414389,1.14139158723445,-1.66315759116602,11.4694938245851,-2.58576320329433,13.1610357223354,1.70847989857716,-1.0503538127052,-0.804335020227183,-1.18634486060477,10.9848150041598,-1.54179743627288,-0.884843110089522,17.3321852822826,-0.891564083406333,-1.24113367896153,-1.79010625763772,-0.383679490492839,10.0485897803677,13.3920491133113,9.67943568202169,-1.43063971123291,-2.00170101035198,9.10719956751912,7.03517019719686,-0.78119075718175,-0.921360168102735,10.9301490885859,-0.0593732143642163,11.1217748435116,-0.971269820339329,9.68274695420393,-1.57083746945533,-0.600251134633931,-0.89824451637588,-0.342398643733709,-0.359572254088736,-1.87347836710975,-0.504257917896594,0.197801173898966,-0.271718365742092,-4.09085074543006,-1.18853871871658,-0.1516370926737,-0.164388873506729,-0.708647205322989,-0.672135409031347,-1.39008710235539,-0.976178579928932,-0.460411093909375,-2.13271039290114,0.924022814900818,-2.86412494357872,-0.464387577181821,-2.88319152230642,-0.614695250113929,1.41417729975493,10.5806158000209,-3.1581712473495,-1.36724402720652,-2.80312407115614,-0.621225368882853,17.5662555841001,-1.972196550122,-3.86729407717772,11.0986692398981,-0.908282629650704,12.6527198536525,8.91007907590475,-1.88224874175029,-3.4765467421244,10.8283101701064,-4.05120310445171,10.6690694755734,-1.73397368184967,10.3996484226644,-3.61208303601715,9.3778527309564,-2.62275481180469,13.4335403543673,-1.31601867027912,10.7725565599797,-3.08724648014107,-1.24234884360753,-2.63888927694216,-1.57968363420881,-0.496561826602394,9.73429410703457,-2.44601653373272,14.3372812173595,-3.19255038806102,15.9365836600416,22.4696977391192,-2.31567838661746,-0.0336929384185453,-1.45149027753005,0.0648389277486618,17.7316517580293,-0.107012060004459,-1.47431307009658,14.1485515574462,-2.45449580600637,-1.84894686320918,20.3528261125999,0.280150068139948,-0.590415037310513,26.3967917840937,-2.97652492193583,-2.57945351638537,18.3002750836426,13.667599801207,13.262368193744,-0.29302499068942,-1.04084235179447,2.33657030603242,17.507884284505,21.7687840136217,-0.990691214758066,-0.478267502088968,21.9416108237422,1.01630287959705,-0.992893380251953,19.635868056697,16.5783587460111,-1.30213608551238,-0.79924473257964,-1.81815665451999,-2.6576921859984,12.2332431878505,-0.507534510708139,-1.56849596562733,17.0127352412142,-1.6382890871749,-0.704952585346208,17.1864192114104,0.476029665095262
"2_P1-40-0.22",-2.09013888593739,-0.33046939193567,-1.26413745899372,-1.51719348812378,-1.42023320834268,-2.48896552369841,-3.95298720202752,-1.18881140987982,-0.978596039345151,-0.689870008177509,0,-2.69286893808822,-2.18520758941991,-0.877771501705147,-0.838908932171158,-4.20160125567178,-1.5804230002759,-2.44343529347774,-2.42447306042945,-2.5922847172034,-1.33492705437333,-1.50941440842189,-2.01477233531686,-1.38181437866864,-3.89285859331087,3.2338444823344,-2.4937303777688,2.67250135144566,2.12928622312164,-2.33851429161314,-2.63994808377637,-1.70646887385902,-1.87146163663187,2.36192532166978,-2.08636986953609,-2.05927506142794,1.778989635108,-3.19026932225089,-3.90559995776489,-3.90936927407856,2.53485549934577,-0.924972138528011,-1.90939166727956,-1.43578700296265,2.4544099450929,-3.34829196051278,-3.05671966390784,-2.17367672171437,2.8875374244525,-1.61229010560988,-2.539527417852,-2.66414656697376,-2.30783445668017,-2.65574158345338,-0.507092288247755,-0.547141494052641,-1.54198855948896,0.231332293151914,-1.66407127708847,-2.69632765596606,-4.09857812402492,-1.72908035257594,0.297486639866262,-2.46657074793346,-1.1244957289295,-2.12217692530183,-1.83481828272877,-1.99894349304352,-1.06470933783188,-2.2990944784856,-3.44484374177168,-1.72189701038705,-1.78869764475173,-1.44342671892149,-1.48237001368434,2.8269828970519,-1.53191016203467,-1.55671208697225,-1.79567588483436,1.49360416352413,-1.73644191093948,-0.674329442230857,-1.67740993019684,1.69659997328891,-1.82155140143739,-1.22306877251959,-1.6754416162869,2.1036502151286,-1.71819218365146,2.33078045537799,1.46414448818717,2.45298761749871,1.33356006011853,1.9836448373583,3.11188224296518,1.95083239508598,1.52910356226862,-0.824984643045546,2.87567372759733,3.70944470840057,1.44786256074392,-1.84818276802101,-1.62783412583711,2.32728179302102,1.15250218616666,1.40580705695489,-0.759078731008937,1.57020281249613,2.25516793194182,-1.41267796992979,1.91121385548552,2.2282104260158,0.276771191463052,1.85584230640172,1.73558576803231,-1.57642715301177,-1.9049551784863,-1.28616813741573,-0.845792076476059,0.905444360155617,-2.27159735888355,-2.55400075600886,3.58951559821293,4.60848917575778,-2.6732426597425,-2.48870337592968,-1.88663769236755,-2.59772787632695,1.78168034592758,3.23155234848404,-2.39381487959937,-2.42321623603384,-1.55057731709978,-1.22717890284735,-1.61917955328997,2.54243741934373,1.88661969505883,-2.1095512130664,2.61322595706683,-2.39758648073406,-1.70544836490288,3.97312940943389,-1.37080749915303,-1.7998777444334,-2.70199062418327,-2.64937708802887,-0.51285248702954,-1.22666152008027,-1.6272516768561,-1.53790053765164,-2.44794633458744,1.63070243350411,-1.94833678713415,2.17190120778809,1.92576573068757,-2.10205665601502,-2.27979279460489,-1.89088926126093,-2.55511525738352,1.09998397451078,2.40660181271978,-2.52100928006387,-2.50887060078544
"2_P1-60-0.22",-0.446804662571,-0.746660031139597,0.600626030463568,-1.04150964400656,-1.7050868606739,-1.99142471507671,-3.12957416627822,-2.75235157641011,-0.839461274561587,-0.834829151072904,-2.69286893808822,0,-2.53978679533071,-1.15968591103097,-1.19611811838296,-2.95228045593343,-1.37688445547555,-2.97537198857761,-2.42234114528921,-2.89264445681257,-2.01745464882755,-2.00495454589375,-2.40584673568242,-1.89815474055022,-3.39460481618145,4.23878391129541,-3.1933044201809,2.9049013908155,2.39137665341233,-2.61319344248922,-3.12833619816053,-2.42518392476625,-2.86568885648252,1.45807917924306,-3.14371751162008,-2.64096772614446,0.590180697539214,-2.74962881369386,-3.2590373124898,-3.03571494344231,2.29085975396961,-1.14483165372659,-2.0962344492004,-1.7764890910313,2.97474688732306,-2.98880038711927,-2.0778448112936,-2.45560801215456,3.6259422640463,-2.39387964719696,-2.23838394927675,-2.91753279094706,-1.33762707623804,-2.0363511359531,-1.52350924967174,-0.136803786022225,-1.20387408535563,1.72016551856397,-1.8620302202986,-1.43491298743287,-2.92670925228728,-1.6955380434884,1.44520792270236,-1.18438252637077,-0.809834532140059,-3.18317710816627,-0.827327396779734,-2.17557265562228,-1.57976333626654,-2.85642606657702,-2.59264830794686,-2.46074097897336,-2.6826163738066,-1.97918038046567,-2.00492088081947,1.98217775675522,-2.58344979726594,-2.1107560046222,-2.30033435945577,0.621673055295873,-2.42744084395024,-1.22250267216467,-2.39116599934452,0.731928960372849,-2.19750324794942,-1.8898580187783,-2.02111633835374,1.01467219163158,-2.13400745368011,1.31673343978858,0.153569407676457,2.31494847786249,0.0774659046328861,0.91902349226015,1.5455450602893,0.143981514031454,0.163522510574263,-1.83062924762011,1.22829048328324,3.46080349510684,0.0489973591825281,-1.85703801112287,-1.62141662555296,2.7895603450099,0.0370149188732351,0.383942493696087,-0.852114707444469,0.690098017264831,1.03913122417248,-1.77474511535244,0.659372156283247,1.30788161563014,-0.567084535753308,1.39777758565543,0.574571472060972,-2.10643288341697,-1.59668361275707,-1.47936658819399,-1.01313608301671,1.62597100778491,-2.48731376056919,-3.31516397554767,2.56322572990156,5.15462579126136,-2.88272813641963,-3.11573751086846,-2.98222919318623,-3.00905419896597,0.385137925974691,2.14407444263729,-2.18253559009896,-3.04234132022918,-2.10474262568288,-0.962437868565055,-2.32362597408726,1.50875202443799,0.969371742606555,-2.66738541057611,1.33112794997506,-2.28306320728506,-1.34244308833111,4.79565911428497,-1.82760063547033,-1.96730881732414,-2.70798584127478,-2.63370697223801,-0.209305223397438,-0.965413087167644,-2.20726202800352,-1.45924320617292,-2.9419315835012,0.284538265391569,-2.45015889466444,1.10605351304489,1.0010524485061,-2.48837895553045,-2.6395468336902,-2.50515914543811,-2.9365336501806,-0.214245147476384,0.848616147987157,-2.92320035252292,-3.15097937238322
