"","1_P1-100-8","1_P1-20-8","1_P1-200-8","1_P1-300-8","1_P1-40-8","1_P1-60-8","2_P1-100-8","2_P1-20-8","2_P1-200-8","2_P1-300-8","2_P1-40-8","2_P1-60-8","3_P1-20-8","3_P1-200-8","3_P1-300-8","3_P1-40-8","3_P1-60-8","4_P1-90-8","4_P1-20-8","4_P1-100-8","4_P1-200-8","4_P1-40-8","4_P1-60-8","4_P1-300-8","3_P1-90-8","5_P1-100-8","5_P1-20-8","5_P1-200-8","5_P1-300-8","5_P1-40-8","5_P1-90-8","6_P1-100-8","6_P1-20-8","6_P1-200-8","6_P1-40-8","6_P1-60-8","6_P1-300-8","7_P1-20-8","7_P1-40-8","10_P1-20-8","7_P1-105-8","7_P1-200-8","7_P1-300-8","7_P1-60-8","8_P1-100-8","8_P1-20-8","8_P1-200-8","8_P1-250-8","8_P1-40-8","8_P1-60-8","9_P1-100-8","9_P1-120-8","9_P1-20-8","9_P1-200-8","9_P1-40-8","9_P1-500-8","9_P1-60-8","10_P1-100-8","10_P1-120-8","10_P1-200-8","10_P1-40-8","10_P1-500-8","10_P1-60-8","11_P1-100-8","11_P1-20-8","11_P1-200-8","11_P1-40-8","11_P1-500-8","11_P1-60-8","11_P1-70-8","12_P1-100-8","12_P1-20-8","12_P1-200-8","12_P1-40-8","12_P1-500-8","12_P1-60-8","13_P1-100-8","13_P1-20-8","13_P1-200-8","13_P1-40-8","13_P1-500-8","13_P1-60-8","14_P1-100-8","14_P1-20-8","14_P1-200-8","14_P1-40-8","14_P1-500-8","14_P1-60-8","15_P1-100-8","15_P1-20-8","15_P1-200-8","15_P1-40-8","15_P1-500-8","15_P1-60-8","16_P1-20-8","16_P1-100-8","16_P1-200-8","16_P1-40-8","16_P1-500-8","16_P1-60-8","17_P1-100-8","17_P1-20-8","17_P1-200-8","17_P1-40-8","17_P1-500-8","17_P1-60-8","18_P1-100-8","18_P1-20-8","18_P1-200-8","18_P1-40-8","18_P1-500-8","18_P1-60-8","19_P1-100-8","19_P1-20-8","19_P1-200-8","19_P1-40-8","19_P1-500-8","19_P1-60-8","12_P2-100-8","12_P2-20-8","12_P2-200-8","12_P2-300-8","12_P2-40-8","12_P2-60-8","15_P2-100-8","15_P2-20-8","15_P2-200-8","15_P2-300-8","15_P2-40-8","15_P2-60-8","17_P2-100-8","17_P2-20-8","17_P2-200-8","17_P2-40-8","17_P2-60-8","17_2_P2-20-8","6_P2-100-8","6_P2-20-8","6_P2-200-8","6_P2-300-8","6_P2-40-8","6_P2-60-8","8_P2-100-8","8_P2-20-8","8_P2-200-8","8_P2-300-8","8_P2-40-8","8_P2-60-8","18_P2-100-8","18_P2-20-8","18_P2-200-8","18_P2-300-8","18_P2-40-8","18_P2-60-8","20_P2-100-8","20_P2-20-8","20_P2-200-8","20_P2-300-8","20_P2-40-8","20_P2-60-8"
"1_P1-100-8",0,-0.0334820121852963,2.34592584601272,-0.164353005705313,-0.561341696432757,-0.925778726549949,-1.07162202858886,-0.10661954648215,1.27746227599286,-0.0235950068007385,0.695358570792933,-1.02275796553464,-0.760195122771954,0.916732131759257,-0.138528582878846,0.0130073516359219,-0.54796227711438,-1.52134679499429,0.274668147284,0.344446205341998,0.180921304698014,-0.652189796033571,-0.0776207131906244,1.64078581876904,-1.83028360426101,-1.10142287992429,1.60786145226467,1.34188112670721,1.11507838439833,0.753716995070629,0.0999181819740607,1.6076665149189,-1.41615564893866,-0.397058084002543,-1.02942429624723,-0.830129442132072,-0.278473102538117,-0.370996833652406,-0.761536451345457,-0.761723957255518,-0.687204966267561,1.43077947741531,1.49246989641437,-0.460875841557247,-1.25059826038153,-0.80149314950014,0.60543408613103,0.835303176392695,-0.693599338948079,-0.317310383241538,-0.296701974436465,0.0237595378054739,0.239914333533029,0.724995582253383,-0.509495613914469,0.470072904647619,-0.109630049134173,-0.367420161555511,-1.39013918353364,0.318832847530401,-0.516737628594778,0.420091475515688,-0.700201170305972,0.0529838143391737,0.142553042610754,-0.485594801541966,-0.327651228758433,-0.296679647758487,-0.609967654688232,-1.15470157169238,-0.278081616575816,-0.502414472514544,0.366855126827849,0.0493475678355164,1.28569867335332,-0.459423184911337,-0.417488366993031,1.16149387951763,-0.769604490302281,-0.389523834650114,-0.0527909725630463,-0.633555629834597,-0.622569407108523,-0.917644962238299,2.43951588140591,-0.897319324276783,0.597265354791882,-1.68249773934582,-0.761086812675005,-0.96273192702801,-0.399832055980141,-0.580348346650207,0.302940296362409,-1.19219535901201,-0.269765622942845,-0.321512746830073,0.162179603822789,-0.941302333248636,0.289587134619916,-1.36667359019522,-0.762438024316734,-0.531869856863916,0.573635467810802,-0.386361264215197,0.523304882126573,0.515431966995649,0.271320490069042,-0.184115796441518,0.704146537806506,-0.389384747140225,0.728367107057897,-0.42143803423027,0.628878840769189,-0.23635881473634,0.361261426587866,-0.0553806233973943,-0.692562417649634,0.243552771223274,0.0397895064598394,0.250132175405708,-0.0604845641145462,1.31980794791404,-0.213201905961868,1.04918899619155,-0.845736019185374,0.333539695897831,-1.1857783561812,0.599758299869405,-0.63564235833935,-0.484909644433202,-0.582736649111262,-0.373375226922983,-0.469243505330962,-0.515773938788501,-0.998502338399182,-1.11013372550848,0.153278478593062,1.51293821399506,0.793496573564488,2.81628607093901,0.993428470928944,0.729419765127256,-0.285104649452496,0.480465806237351,0.550923069614435,0.271332366868297,0.0245033869944173,-0.261264678215248,-1.48273112781626,-1.36115891658303,-0.425282847433543,-0.528392436488192,-0.981119620439761,-0.589423131544605,-0.752484175288131,1.05785940374401,-1.26983681040269,-0.00218561330797777,0.383689005467414,-0.794793834435928
"1_P1-20-8",-0.0334820121852963,0,4.34852026789553,2.87338847186796,-2.09390837284772,-1.88882079965236,-0.0818902962993029,0.243479115015531,1.60065963277915,2.62096525881517,0.360209144695138,-0.488383021995486,-2.53028276172269,2.94853771962599,3.76684774296121,1.27724882628868,1.38615720781203,-0.553211359966031,-1.97288739859988,0.188896053668659,2.21290518243408,-2.40559709240219,0.325796276614467,1.84101556477077,-0.0829754380316692,-0.331499209051937,0.0537795716823441,1.88753598422969,0.858268540866532,-0.817960689312063,-0.858926224181256,0.6787170250434,-1.50855777798105,1.18922335808542,-0.473475025684259,1.32252828957791,1.35614341884738,-0.477567737491148,-0.754010360483022,-1.1276080216147,1.35668695329388,1.63459668952763,1.8570595199089,1.59357354000291,0.725659302680384,0.876894531663532,2.50976879077969,1.25393280958438,0.878813102550009,0.683956768367605,1.15648485199415,0.413856129511578,1.13140599307975,1.62259249588537,1.43447473842591,1.62194089512508,0.556036924983637,-0.363166505302008,1.20616245980331,1.32980153425785,1.74331459748431,1.47755424739399,1.12215663210253,0.804092643084558,0.528160047996589,2.07694199552162,0.0592464133357851,1.60814328868312,0.959768406560716,0.955095295853955,2.56180075943089,-1.06812600420818,1.93766639261138,0.164884270590243,1.95713073351653,0.574995470724033,0.679180334580891,-0.486149348975288,0.767891505564999,-0.591619235673774,0.31754089388831,0.0281106094498253,0.411354964969805,-0.0844810680485236,1.95558842907606,-0.41911971627258,3.83555825751885,-0.146047179611578,0.188609242577823,0.466195312352419,2.10362107677484,0.764492974324346,1.54958922469133,1.48631453160748,0.110650392418584,1.37594572423108,1.69190312209546,0.862617084375143,2.05192218196582,0.538572009239438,0.0117158618610823,0.930960418200782,1.12159934809215,0.586903915799624,1.34816099484011,1.10002819659496,0.193225316888994,1.10732519278171,1.56088241705852,1.15548005684342,1.10603934780986,1.35694077878635,1.54224241679873,0.18403494815334,1.22606190416568,1.12095728301884,-0.00314443234695133,0.380139410060668,0.512882614087476,-0.609689753871825,1.08530112393408,2.20570800376232,-1.00073627123458,0.0687186654548915,1.11410011131839,-0.35370417490218,0.449375100893813,0.974093289890151,0.8583699057641,0.787655786800691,1.61239790050544,0.543647774749364,1.3574947219666,1.03097639193111,0.459045967094498,0.385151652000167,0.190976934975184,1.83589324885525,0.996615823742135,2.69556411047133,1.04482630127932,0.130551271864242,0.554606561030086,0.673153721840402,1.49854070185895,0.62050252341376,0.972239526364853,-0.487057610154684,1.15632318349603,1.05576684131996,2.03559173474495,1.18358120855706,-0.242915960708863,1.03496565073253,0.563463627254775,0.20676667518323,-0.28763301323243,1.40915869842713,0.433953604587948,0.721275375239454
"1_P1-200-8",2.34592584601272,4.34852026789553,0,1.41505064583988,2.91966083026998,3.6695156037847,0.416676909551952,1.73557482434199,1.32721861534947,0.536268633086057,1.59054884592561,2.25209226470987,3.02415269893883,0.387078044252312,-0.075909468609567,3.48678184462458,2.32782998948068,0.303772315115643,2.57893330968153,0.960759299690494,0.430610208230067,3.64732761673193,3.28430516267184,-0.315743043913294,-0.123713237435019,0.445739469992709,1.90735163674916,0.374144839895294,-0.893726305508188,2.2343805998017,1.3324903357104,0.00199819361849547,3.65564101561972,-0.709662782422715,1.82524666330671,3.73680177854669,-0.712577202785395,2.07538230810132,1.85075333840372,3.21932566966386,1.2905252358006,0.471869143307033,0.720052208660466,3.24744751296346,5.1650162207206,3.01249853288311,0.741720818499709,-0.314546015610619,2.29746801248458,1.42606013139551,2.69225399307821,0.0724555298852642,2.73476228600292,0.756739424358538,4.34193178116379,0.878911628920526,2.01419100473346,1.08028692925842,2.50802929305252,0.345375635944689,4.57494098845434,-0.246935564793007,4.26441975489404,0.323215845408323,4.88027602172947,2.79801119810656,4.59696659311071,0.0301870629854432,2.73639646025081,3.10748528766982,2.50789467663413,1.22208692996146,1.11989946927605,2.53736464951467,0.0260442892221557,1.95327483444565,0.734927177951144,2.42910708407259,0.569871636302386,1.69881334450856,0.200692040906117,1.93844893187187,1.95422231518533,3.26325085655815,1.0791084114942,1.30451808118222,0.703361790400733,0.624121735570463,2.62193781296378,1.48244444972649,1.17813171609798,2.35857376661783,-0.393098388481291,2.6828442448533,1.6749504669462,2.46035643898046,0.971815137281186,1.66267847256995,1.4061025009659,2.10219620818741,0.971547724350941,1.38803384195133,0.0851722584408149,1.78737333077494,0.347412553878376,0.37238597623013,0.510489598924578,1.85395998148082,0.519288678047338,1.92868120289787,0.446989169118094,1.95075536412304,0.948675879758576,2.00170216004578,0.413550895317329,2.5353887052063,0.197305057696348,1.70871213483649,0.833965615934445,3.21392598449673,0.448136008454178,0.870926020584551,3.69836641727696,1.97501368802017,1.78913174148274,4.77476822303317,0.804159995306223,1.12841062808145,5.96083936815424,4.88229265760745,3.07423047697242,2.38120572364732,0.695705602327276,3.35098556733233,2.47319856588773,1.8119440876088,3.30290721088777,2.42665697945609,0.155031303648751,1.14056352327701,2.85321485825048,4.19078168508716,2.36734641903827,2.10822857683766,0.00151112004692444,1.50978911756033,4.18048146708214,4.34953662107491,2.55101384221687,3.30520446706815,1.74716187847513,0.789867999661986,2.80324390488469,2.89209028998647,0.81377050646811,4.7076792457678,1.1556708203993,-0.367720390634564,4.35663153157993,4.01720340075236
"1_P1-300-8",-0.164353005705313,2.87338847186796,1.41505064583988,0,1.8397066221228,1.96227079072829,-0.828617561808289,2.32582695997097,-0.562302853372548,0.0744647150632546,2.51807920382487,-0.227558229884267,1.71425060741626,0.46320781832943,-0.75845008275632,1.7062688506788,1.27554763314012,0.313082177335994,3.65661336146109,0.596741455578513,0.820107452131895,2.87877026099761,3.5029772027482,0.0597075054867595,0.0287887538852176,1.08712891586399,4.3598984597141,1.67105097163894,-0.769376579043448,2.64484774904391,1.47207424876111,1.5539040702823,3.64576196011186,1.09166166628234,2.10230853757408,1.24061798016213,-1.00205150435502,2.09382250995612,2.23563695079912,2.18351341892941,1.59577365620075,1.61572899819332,1.7765960656104,1.8411871994219,2.09262797513361,1.66671417729408,0.708661694923864,0.43094195047216,1.31973164677784,1.16775054493376,0.183445287333789,0.904821271746016,2.56674353502456,0.788214046471219,1.44473491535988,0.490335710091569,2.21107354071551,1.83454909557797,0.318769296505069,0.147551459008744,1.8560027494811,0.406249850374655,1.74739606732334,0.962615237690773,3.12178748960845,0.278354376762504,2.77843555886194,-0.723127508918821,1.43897262426898,1.95002131070296,1.13864699160721,2.37528184885465,1.0384569508589,3.6725257696805,0.695248955394603,1.88814745873206,0.488590102369771,3.4463403732711,0.548365096289137,1.34810844112868,0.532261644852635,2.06328242287584,3.51062240187923,4.61980167920299,3.22775472461366,3.59362529531997,1.69858376922924,1.64554364204785,2.89385667029384,1.11427437809437,0.503530721472265,2.31044580707309,-0.182737205230498,2.55261247389757,1.57790333428795,2.05662896813446,0.560178894621707,2.14504225954962,0.978115013011519,1.78393807745597,2.28604862857579,1.58067241725669,0.261935004450484,1.49818502221424,0.432403118651672,0.696696125617641,2.02449344363079,1.55206940555205,1.15514289207423,1.38054584537741,0.992110046586394,2.35490158395919,1.35145614759778,1.80337158849235,0.735709281222065,2.72456378638038,1.76737656458271,1.66898208649795,1.36618632401137,2.53581712477568,1.2918682773601,2.00786451211669,1.83562798260037,0.830584445988438,1.77702112084089,4.7372580890886,1.35421237351273,2.42694503367429,8.24186908190018,5.73998882969706,3.10357079985298,3.93567462694035,-0.43269875208917,4.41631182980098,4.52631771918649,2.19160441202839,2.1208938642369,3.7949354257952,1.48348018143037,2.54809662176792,3.17751860344185,2.42628378935522,0.893497768966636,4.13692227053333,1.52339530290538,1.2735243173887,4.07858574627949,1.93256399074175,1.59116172959277,4.91986649404442,0.958056547808163,-0.400254097709096,4.01278950719845,3.60487343901831,1.05320433593038,5.28314425445323,-0.0495838492291266,0.297215067893308,5.77934661778554,6.86141098736404
"1_P1-40-8",-0.561341696432757,-2.09390837284772,2.91966083026998,1.8397066221228,0,-2.49923059597193,-0.701373536216673,-0.629899279366964,0.90955279146615,3.26132188673687,-1.06929048151201,-2.35112197400675,-3.44914800445809,4.10771639230169,4.0425346905226,-0.819703429636734,0.18574397973032,-1.24946292256974,-2.37300853353316,-0.525045717514062,1.59357194619056,-2.10206007004606,-0.678472474874978,2.00920844718311,-1.14990887337947,-1.18879490045358,-1.41329457824093,1.77368190552027,0.585881090839026,-2.14812098441829,-2.13070403226112,0.0348916129655769,-0.873791417688818,0.503407646038361,-1.33873395668186,0.601214968466794,0.804310384757676,-1.41363699029113,-1.9542305606947,-2.51113675973334,0.119075802173247,2.1224590075406,2.49998476751489,0.694390338659802,-0.314407673651138,-0.324735181601371,3.14835613752279,1.47836726344586,-0.744630657620917,0.186097325600948,-0.28280685796985,0.149838130940521,0.321484563230439,1.26405209561659,-0.0253788390614477,1.58465687931371,-0.119244786104437,-1.21227723545459,-0.164152458383981,1.24738189537313,0.527112706906217,2.04703959971524,0.253331813698786,0.369881748494898,-0.293646024489582,1.61839835910709,-1.15878315314909,1.40655657609688,0.665842195762598,0.206221860837294,3.54475101447583,-1.61318617868847,3.15994434886471,-0.610285861376517,2.09178594489627,-0.184781604847749,0.109895589746704,-1.29764442146178,0.167307874364048,-1.45445482166569,1.0911077369314,-0.669049713534424,0.117705580154694,-0.992026830002493,2.18388819217613,-1.06098824077236,3.61586240307364,0.476085929874964,-0.392406645596599,0.567320857264258,3.23269455291268,0.747124845370121,2.48624791208306,1.59202802268749,-0.0698231213089217,1.49029515059396,1.49068276064729,1.06937334571483,3.41013684996051,0.460572737838826,-0.39246292027456,1.48751115238097,1.99093545995268,0.636806129902811,2.04754731135637,1.80447095736161,0.405376698874958,0.817947524277466,2.53353407785899,2.1577774381205,2.18958911590354,1.74388381920003,1.96285787629882,0.748312091857826,2.24706474981836,1.20947601747895,0.435554208177194,0.821158854518527,0.206825814391201,-2.31284321171058,1.70321111826232,2.4167926785513,-2.53608450540443,-1.04162557960973,1.79700433921307,-1.01327477527416,0.847585902720884,1.5857337153291,3.05962265145819,0.879454380000107,2.34760980285683,0.427783148422493,2.26802200513636,0.947382025942771,0.971060382916845,0.1497467250121,-1.44789249078172,0.340005274032503,0.666141640559018,3.10128953198011,-0.489445721011054,-1.99247829559998,-0.782441023243812,-0.198802596590318,1.71294579821799,1.44192780527298,-0.156009920140713,-1.71537727134076,2.48171065924575,1.23514557518677,3.06149584782673,2.93039771523482,-1.01099785181767,1.14157945180038,0.86892754708149,-0.660054743494521,0.184053716807545,2.71952404685063,-0.584188356604235,0.856517904708216
"1_P1-60-8",-0.925778726549949,-1.88882079965236,3.6695156037847,1.96227079072829,-2.49923059597193,0,-2.21428403452755,-1.96481957820328,0.340044406392376,4.69574365638283,-1.56084445707558,-1.30753977301502,-3.31346586247734,6.01882851589013,5.48497895886193,-2.40457873130802,-1.62225110099536,-2.15835713548872,-1.82398344278845,-1.00554933543328,0.834229608297472,-2.73087799444918,-1.97209195295162,1.71803451044241,-1.83656074668269,-2.17500368282393,-1.44065751186744,0.870720849571372,0.702743399417654,-2.69329836687788,-3.29763386612788,-0.543654881349525,-2.4795970413117,-0.268299563567241,-2.61627070941589,-2.50738930398368,0.0650213099938975,-2.70753751478346,-1.49241275715387,-1.32103651764011,-1.40558355521772,1.25379541119554,3.37354221300034,-1.23339811789892,-2.39272482239856,-2.48539580914092,2.27430421864153,0.986098536666854,-3.12317957512153,-2.20660495810134,-1.46733533199096,-1.28609686643533,-1.493741597177,0.858143249917331,-1.83827267650797,1.01040654473449,-1.1275519430512,-2.14468315081407,-1.75911005114903,-0.0221667411336109,-1.38952480574225,1.82999580739275,-2.43973331757785,0.741134867376161,-0.606764858906578,0.670696328551851,-1.7176876716468,0.0934685204188627,-1.29762282053492,-0.838147998705212,4.01203361176548,-1.59635016205023,3.72737618139818,-1.36773112833384,1.61143556244189,-0.946641223384261,-0.260202481615663,-0.857247607107283,0.0113724457155983,-1.45620179508177,-0.0114157608076071,-0.856270843717517,-0.815022819184695,-0.841000892427356,3.68282210037627,-0.889187851110857,4.78305838547104,1.9020182050538,-1.71109098914596,1.55397883561445,3.75443978457783,2.2695918645997,2.08477388052809,2.45734883900228,0.189322937221523,0.987852010913143,1.49030447288105,2.47289609820883,3.48889172208029,1.48739853864567,-1.62079593673697,2.5176182751912,0.843145077145251,1.78630460260779,1.07239394695374,0.764520271918758,-0.656714154027873,1.63750461199998,2.60919951451452,1.76136078573222,1.30449875650476,2.19738863900675,1.32847944618097,1.39223037897735,1.94148509927193,2.14333906529365,2.28505803504568,1.42661412719474,0.417332300428612,-1.88725259348048,1.56289703450735,3.57746923108372,-2.24113808227702,-2.29799452434035,-0.340384847646728,-0.876947897322636,-0.237302884432804,1.04825176647019,-1.34470073067997,-1.79945188776282,3.76105634520129,2.24536079212261,3.0616619177614,2.96192646583741,3.37169995133861,0.77154973024495,-1.50927215150174,2.32455249782318,0.0883148899254365,5.75898953763375,1.56031612560853,-1.5791155415718,-1.56445537543534,1.68919814583238,1.90056177418037,1.17039457688268,2.37406573886019,-1.46990724045518,3.10917211404025,3.42703300849371,4.70440213945826,3.51605438725361,-0.95914796855488,2.6822035437659,-0.125742476049563,-0.784424331837457,-0.881766358735278,3.47272244943361,-0.862607498373764,-0.929082074201898
"2_P1-100-8",-1.07162202858886,-0.0818902962993029,0.416676909551952,-0.828617561808289,-0.701373536216673,-2.21428403452755,0,-0.846241808811884,-1.06760218207319,-0.0145349782570254,-0.53599115318858,-2.16913470424295,-1.85058237475868,0.42780123662051,0.569875010467461,-1.41219247163326,-1.72285565892276,-3.50607439592345,-0.549464844632801,-2.52537844460153,-1.54894039672735,-1.42168754128356,0.353173565448086,-1.00451995051192,-2.95321701889295,-2.43185955361641,-0.112458119595082,-1.88701575794166,-1.50332446813038,-0.312054338669058,-2.58786760657922,-2.48645979497614,-1.60761100213451,-2.45756192817147,-2.09388411409208,-1.27040036351486,-1.90383576814122,-1.54569437536837,-1.48754263734128,0.245051662714736,-0.745301017358832,-2.03436531898346,2.47924327287659,-1.75445367288271,-2.37200673718858,-1.52919034139434,0.453030004907565,1.14093096797915,-1.9362790546008,-0.413256180660691,-1.39889612353509,-0.0298554699986328,0.894858734114052,0.212881645772046,-0.889174954852544,-0.49580436190015,-0.494265419384171,-1.45929767965696,-1.42345725669247,-0.441151271725667,0.197362923580193,0.755045029280115,-0.808360027018698,-2.40575140149011,0.439932992555726,-2.03268466477582,-0.690999151452852,-1.03749654652469,-0.838098866050576,-1.31954596321291,-1.10078218497995,-0.60091661127153,-0.827824308851464,0.104156373416235,-0.293092736674712,-0.745505643521579,-1.86419367395485,0.970471965142119,-2.74023546803851,-1.01524065135289,-0.402764296090351,-1.54411267485264,-1.02201657481699,-0.142188723891,1.06069142843312,-0.963025028961195,1.80151998830456,-0.515278930778632,-0.858422257171382,0.926730185883,0.433057963463434,0.769759042859368,1.10328954407631,0.338845437007376,-0.361020303831584,0.164145290950962,-0.589579252411418,0.422550004560551,1.41580219080946,-0.162108056451078,-1.01398205625166,1.11984501412061,0.871227071036016,-0.182426733601141,1.12981050274796,0.945778384676517,0.192596573208073,0.27478397880431,1.39717324279593,0.466082863574446,1.61293507189043,0.790035377959334,1.03858824509168,0.642340132595587,0.834266091811544,0.733407512851409,1.35727789590256,-0.343571993711615,-1.10107210980415,0.27819403820999,-0.383448908413716,0.757585644101419,0.0717529708590614,-2.2903838284774,-2.12088128617459,1.79971026681382,-2.0228621998486,-0.227866251795516,1.29190363643613,0.0997912133243454,-0.457581989402149,1.38408286383373,-0.815458240941176,1.82696473320177,0.421470499528175,0.15625876376472,-2.38915884028517,1.61263553088464,-0.944192060964092,1.67537213223006,0.63649463491154,-0.648338067930773,-2.40208037109763,1.96523740201835,-0.700372678263801,-0.241917878401747,0.606665840174778,-0.195787914085766,-0.756698148363464,1.6617453083514,-0.375931521224559,-0.603613032001365,-0.173592125154202,-0.0197215931807649,-1.84908464628,2.57285375977038,-2.67583880928193,-0.559345262728349,1.53023025821191,-0.203263628812332
"2_P1-20-8",-0.10661954648215,0.243479115015531,1.73557482434199,2.32582695997097,-0.629899279366964,-1.96481957820328,-0.846241808811884,0,0.901309864119355,2.39713992707681,-2.29408408391159,-0.338384251267229,-0.259812361439697,5.14581118335233,4.77752071225175,-1.2317711431949,-1.50723599289834,-1.14774475636184,-0.458756480675542,-0.0224696526878768,1.97464790672663,-1.26870558222171,-0.844323593273993,1.64515392537679,-0.928694930380044,-1.40037505197475,-0.174470443315094,1.60307797526106,0.908353599415508,-1.1833528185378,-1.61906826596737,-0.220316013382419,-0.935088447503068,-0.739218170224251,-0.972327113339153,-0.820486833581685,0.579042178780554,-0.0882431067434998,0.292168932316961,0.0832572907390953,0.289546053221648,1.82142294788587,3.39570235801049,0.972620470230201,0.0558476637066607,0.0215806905881155,2.2537063873127,1.92373681162833,-0.269248430929616,0.188071165800506,0.258263061952218,0.631716829203102,0.398050915785325,1.50884353361752,0.176115101925673,1.39249306426945,-0.548147520417427,-0.799210075985991,-0.956670051687055,1.58590378790519,0.426374789531623,1.72090564043031,0.0414702023527804,0.493876883185532,-1.21523211150766,1.28950679110956,-1.38489736921379,1.10825096794501,-2.21074250250524,-0.385027567572213,2.72975248694683,-1.43635473311012,2.61060706404743,-0.989925672301604,2.0486122550707,-0.794019419349394,0.284074281811519,-1.13749220488443,0.288270266007542,-1.28993295877806,0.626339426577837,-0.441477791307158,0.0586662141649055,-1.01706449821035,1.40218291276553,-0.785904243974904,3.01976478385744,0.52798587184833,-0.668716094025887,0.75408990909161,2.96778299324819,1.25614127411416,2.68629999544102,1.4800166404366,-0.444512084880624,1.07137868422249,1.65579905647549,1.41732303703018,3.2696397863196,0.670758897851263,-0.746158740565342,2.06724364357588,1.51632224216439,1.01787848412418,2.06269096806194,1.77292269607058,0.461274442530385,1.01165168675193,3.13760690479493,1.66459270870907,1.94115232278741,1.36089486663032,1.72224048408264,0.326030345138465,1.89657326110949,0.777086968149847,1.79576559335874,0.513495309891833,0.524391397311586,-2.65881114146968,1.19778022718474,2.48937632836673,-2.64442026094586,-2.03496051386547,1.07220334485544,-1.26864545322739,0.953223112735186,0.861134197503916,2.37450165808437,0.458755264133562,1.87122454153546,0.524638517912281,2.88837519307894,1.09275788036759,1.209393142211,-0.3345150336712,-1.49788012788963,0.288416299858233,0.260149331862747,3.03803021379904,-0.86189505358487,-1.8794051973158,-1.19799133684511,0.0572615688540516,1.45447313523034,1.39919246202711,-0.6184983371988,-1.76866673060958,1.58413739629994,1.14377183794967,3.13326448421417,3.15108217392362,-0.990565880391323,0.841825417948004,0.998920207227874,-0.941828694423972,-0.0573876576483723,3.23739753265196,-0.818576756755184,0.233698776869513
"2_P1-200-8",1.27746227599286,1.60065963277915,1.32721861534947,-0.562302853372548,0.90955279146615,0.340044406392376,-1.06760218207319,0.901309864119355,0,-1.09901383439555,1.220175518811,-0.828382355874439,-0.00106953814392457,0.138304788071992,-1.95921065697397,0.40163097276619,-0.161912678525725,-0.936783894866653,2.27762365951448,-0.240645385709892,0.121433637666579,1.32532730647391,0.50524946665585,-0.85024816973121,-0.901762581413259,-0.996992795986453,2.50321710027888,1.19357587339772,-0.130518550271964,1.39822934920134,0.48540216113024,1.07162325079045,1.62665889881449,-0.553883812181345,0.408527675906374,-0.843214454005867,-1.50871161507168,0.478344093228633,0.692062896525078,0.714292724449885,-0.388261327729028,0.916709966851459,2.06761401161355,0.411435105006042,0.489829997881787,0.198352380394378,0.7607404428047,0.84507469691998,0.264892836188048,0.680126164181868,-0.747262043894138,0.427582657031297,1.72842920085253,0.826515418616191,0.192757758688668,0.512899618647494,0.966950435652802,0.51656214423069,-0.263832131288103,0.496710196733963,0.95697464795017,0.597409817880882,0.241549975201071,-0.323338436108454,1.78501328000386,-0.696515034195922,1.13278841778464,-0.758874024569041,-0.481105574259957,-0.389357475016685,0.677490196106279,0.380677185346633,0.577883018690065,1.27463416168549,0.438585993556373,0.468980279083645,0.165236861949679,2.50550571884035,-0.0284638535442275,0.153672717422849,0.59908509390103,0.855356206396232,2.54310485724625,2.42456579640614,2.0729919572962,1.94669097134244,1.19164814884398,0.876251193873212,2.24958238956626,0.725780483170414,1.02972364956635,1.0737153277768,0.534561709249417,1.53706624991855,0.604518138466756,2.06876024082543,0.986872534317835,1.12727320097232,0.868537657653127,1.4343826823006,1.85800864158755,1.00110882416226,0.870360357113247,0.414426228746307,0.890102533394152,1.13468508531801,1.97394308584576,0.32190201712321,1.53810637111214,0.878902996516489,1.49048970751632,2.15598172560262,1.47295899840907,0.874776724167491,1.36253098974972,1.50916671850713,1.56290357925858,1.30653062078827,0.504476526922155,1.17655786913312,-0.00969705454505517,1.04364169511555,0.677819119450901,0.531587006198961,-0.529182676839798,2.63237623771603,-0.171870123708809,1.14493823464413,2.96437858216299,1.5371958589541,1.12884633765166,1.59304893133598,-0.326613155875258,1.71204156818349,1.47649081605189,0.684363710407999,1.08520973000071,2.17642356242764,1.35953982934626,2.16973730669321,1.96514981198134,1.39950658730622,-0.428391250630217,1.81045644838145,0.885867715550579,0.436657780358467,1.64413015869872,1.03115710234869,-0.0860147551416858,2.14969732186753,-0.181557887469371,-0.606680282984475,1.39775971801424,1.5298511459237,-0.110522239788994,3.30965004664365,-1.12305920553903,-0.611097527541991,2.76206483396313,2.82951132591743
"2_P1-300-8",-0.0235950068007385,2.62096525881517,0.536268633086057,0.0744647150632546,3.26132188673687,4.69574365638283,-0.0145349782570254,2.39713992707681,-1.09901383439555,0,2.31974289905727,1.74100466209947,2.77864892839091,0.461722211904041,-1.4632172990733,2.93154517352501,3.01741800266426,1.28289076897319,4.64432771385293,1.69510218051532,0.263553568474347,3.97651315901818,4.11968173208995,-0.870526413990052,1.3619082809122,0.888398912697897,3.53181920536371,-0.290783051049316,-1.2988303979995,2.5683717424566,1.47623187254545,0.579575722215334,2.96774609746103,-0.353048795788255,1.56316072977891,2.25953876186473,-1.48765714887002,2.81460673621099,3.38814207099673,3.56049401585874,2.05533273435266,0.736747013609932,0.718444540220177,3.30411380820398,3.95060693178006,3.17747345870173,1.00842334008138,0.557927211201194,2.42836950872653,2.27136732063947,2.48160460879943,1.19740105838608,3.53036388540853,0.744919470542302,3.36989485639798,0.520108422833713,2.99631152233583,3.22459651055206,1.89710783519781,0.793399421991509,3.91930416573522,0.823347252643512,3.60857959011929,-0.617976836477797,4.65574755625504,0.0791464931730752,4.30049589190553,-0.415587512171643,2.85413097213281,2.87726982361897,1.77672341228333,2.24685154388143,0.836941963285582,3.61874948093942,-0.11133157616733,1.75915475841972,0.0602768150282924,3.17425436822491,-0.441328286349458,0.707118243657224,1.06025134544526,0.873480065670135,3.61539001406406,4.18316675662601,2.08585323883035,3.74465644034873,0.189435932045369,2.3420302135465,3.46327445435173,1.29802803390474,0.688817428396484,2.217682013132,-0.201175887324522,3.0006562535387,1.84091375468963,3.24312917900436,0.562544863095034,2.23382481780947,1.32238350345799,2.30638326272144,2.70014124631046,2.17390424146163,0.322740640304676,2.05185484299029,0.509036584787479,0.893720384614929,2.21955300304404,1.50864311176226,1.04913934896371,2.45439669685433,1.04876723787808,3.3418785330312,1.21196927037435,2.61720518365142,0.691279164339681,3.28079511275789,2.42355953229462,2.49485492329167,0.725666503764942,2.59972601936103,1.14760793155271,1.73529024892773,3.08547683482529,0.982643711760951,1.04518900558572,5.58759240062195,0.458962879720414,2.16306308660388,8.16382250211927,5.93896042077822,3.06811074539623,4.23272280460426,-0.766984574170156,4.59518888543556,4.80689674481214,2.81290262977556,2.6964967525374,3.48953130253706,1.14101481310826,1.04219624339218,3.87650287280127,4.1409601466537,2.20193725697526,4.49919025704762,0.893179872645654,1.71642589692574,4.87359307885479,3.57405108057638,1.70550591264827,4.94926309277893,0.608650614432203,-0.769225454084328,4.26377241619275,3.77944330760493,1.03524761670393,6.14455001025343,-0.556140637060269,-1.09309113080016,6.71471535130761,6.32538136031742
"2_P1-40-8",0.695358570792933,0.360209144695138,1.59054884592561,2.51807920382487,-1.06929048151201,-1.56084445707558,-0.53599115318858,-2.29408408391159,1.220175518811,2.31974289905727,0,0.114942975063394,-0.183386387228707,5.19165414855623,4.9153784885999,-0.427484003191864,-0.51358994186762,-0.750335958661657,-0.430477121261994,0.00354978441484334,1.84403663861079,-1.58811013859027,0.223212039574772,1.36930371796721,-0.544510234850243,-1.18225657935636,-0.462151205216128,1.49958508511775,0.629053281868156,-1.15846137444659,-0.908698105336343,-0.164279052648356,-0.683991327714537,-0.605942222449932,-0.523686229944889,-0.263815266850833,0.70145837006256,0.0351407437893184,0.221180033486168,0.214860338817985,0.37727949759937,1.25599756455256,3.25783745430404,1.28911551184876,0.172994632968113,-0.103965423787714,1.58155531663508,1.31817802085777,-0.217428444589509,-0.0939958548867712,0.64103270469208,0.437611076407535,0.532291427682192,0.460268117056301,0.846732727210518,0.61141163993479,-0.199041184477849,-0.655114720331744,-0.631136220241435,1.35947522342619,0.613682341502712,1.2348062530121,0.584015292273737,0.751422252350043,-1.09373679096875,1.55528304361365,-1.12076289072826,0.582150262354427,-1.72581754914556,0.093807121575667,2.67177460055204,-1.35977531274072,2.45095334155996,-0.677761055586098,1.89713440802214,-0.266022647319454,0.0795404273105515,-0.537394785146021,0.318134860380881,-0.593293317942114,0.0837347156445471,0.114718810309195,0.0648304999298557,-0.797172298184401,1.23907666611308,-0.602925470744998,2.78227131836297,0.380706647305228,-0.575178182508384,0.89060200220135,2.76250766252687,1.26978201063072,2.1681720621208,1.43891835281041,-0.513999361009413,0.968049225638206,1.69642216963659,1.23500761136259,2.85733543328878,0.676397057797987,-0.749189309338728,1.61236574485832,1.219188431088,0.829792053348075,1.8494331299226,1.44453729091149,0.222854035532067,0.992791052395913,2.86919153742821,1.14646176411293,1.63999492613583,1.21550719560034,1.39482625235351,0.0743517934385664,1.39588640585286,0.778300849990904,1.08083401181871,0.488242707160667,0.686153236682616,-2.28128302273897,1.63688110460122,2.32155131929612,-2.61921354089067,-1.59421450040938,1.04094331518181,-1.44141157590163,0.977660852869912,1.00210813817909,0.254696505545127,-0.181261671406677,1.44050277714389,0.378393668301491,2.19895093609691,0.735900722739252,1.00263714341324,-0.571593697240882,-1.34420506243103,0.788932966639907,0.45445735756617,3.1478391871429,-0.362722071983002,-1.52089696246011,-0.711174988545535,0.261663389344894,1.37953165988587,1.51170125440028,-0.0838064238809601,-1.55177362977931,1.06550780328097,0.905480888887224,2.70270567266755,2.60784667655076,-1.02638643683879,0.606434626091788,0.786258700669618,-1.21888413051054,-0.566541918774985,2.81716049271305,-1.1170939249177,-0.155663335263873
"2_P1-60-8",-1.02275796553464,-0.488383021995486,2.25209226470987,-0.227558229884267,-2.35112197400675,-1.30753977301502,-2.16913470424295,-0.338384251267229,-0.828382355874439,1.74100466209947,0.114942975063394,0,-2.89319795320494,2.97719826755067,2.38402753247165,-2.25720001446072,-2.22289800157427,-2.20036033487495,-1.55550962567675,-1.60512279051076,-0.279357795674247,-2.21353077403329,0.324280649164497,0.603945159804685,-2.61464416688471,-2.27743535158866,-0.573598366029622,-0.494735510723442,0.0903019561182791,-2.15473818828709,-2.25290386854108,-0.874777405972365,-1.29449101393508,-1.38986116988503,-2.18078506644935,-1.79923005242629,-0.34288057665158,-1.59034658596739,-1.1455684215616,-1.96332680484411,-0.461548094438292,0.803685074244512,2.79574208209915,-0.735497555216133,-1.60132068963691,-1.84125919237509,1.03747662527762,0.923484548535657,-2.53044374390595,-0.994877639562582,-1.67651275780897,-0.28606560194855,-0.724197667578947,0.34929277003422,-1.45982019710209,0.474244127558612,-0.364999124721952,-1.42636013029602,-1.75707846350144,-0.23371994301162,-1.36167153158765,1.0120047237196,-1.91654365347196,-0.790093180814951,-1.02216569092706,-1.02186255605118,-1.44990406704368,-1.02206093322654,-2.09225356464885,-1.48114680817274,0.846502591586665,-1.07982098582232,0.711850924230223,-0.812320046674296,0.242361327049231,-1.23988713202149,-1.35138223770407,-0.851215212644191,-1.81784121631383,-1.69179674630029,-0.111009136915878,-2.05129350516101,-0.779746766396162,-0.650701556774774,2.50181540391591,-0.350941203226363,2.05604032148024,0.671922058727506,-1.8298396771326,0.622419279080406,1.0514247198837,0.937963460727078,0.993839167879083,0.776439168243387,0.116914883258896,-0.293187806529534,-0.459181524555713,0.933993308649067,1.57277841573864,-0.188358471905057,-1.52060868311089,1.05990662114811,0.466698678985872,0.433577632333786,0.840488608707727,0.806402335205955,-0.340981132197025,0.905548506341052,1.40090079726682,0.55260767369344,1.12829390477185,0.723322172384439,0.642705347183623,0.811813140905535,0.829998337942208,1.45905011668367,1.09601558436662,0.381796854936004,-1.03595152725601,-1.64238019508619,0.0556828293453791,1.98057352078631,-1.84380752290612,-1.44651688152758,-1.16045298270085,-0.139822395941877,-1.37420561141259,0.110050514906805,2.87941374221376,-0.134185490150293,0.75275999797176,0.903639683357155,0.131952888032726,0.980051830192124,1.10061341827383,0.0235749279901502,-1.38346197331485,1.1375037544535,0.324700946100572,3.48378612879241,0.120331767380733,-1.32558744979413,-1.86562794690544,1.0753757925269,0.129094972928552,-0.341582955940368,0.392779832989604,-1.63080309875598,0.0567922537819762,1.72031477691866,1.12903051872835,0.888415270718133,-0.746961485390752,0.311381870592482,-1.42388297550776,-0.216869862917198,-1.83451477428858,0.998219542484082,-0.318693337165359,-0.356556383665032
"3_P1-20-8",-0.760195122771954,-2.53028276172269,3.02415269893883,1.71425060741626,-3.44914800445809,-3.31346586247734,-1.85058237475868,-0.259812361439697,-0.00106953814392457,2.77864892839091,-0.183386387228707,-2.89319795320494,0,3.51435732457402,3.98286401855773,-2.23043330894436,-2.9865988567005,-2.31813480519695,-3.01373321652479,-1.74598640827671,0.588992025490719,-3.09156128099587,-1.44163766060641,0.987771640366995,-2.2327019151742,-1.10980680604086,-1.99102654195721,0.526954901432996,0.361066902770946,-2.8278057125936,-3.68319083661368,-0.452446641070797,-1.29014110482458,-0.0738539735778263,-1.97140296690207,-1.43798950172392,-0.466186677173642,-1.63763077430848,-2.68819705534097,-2.86219216475509,-1.0924813883925,2.34211280131578,3.24088011226878,-2.95419956563132,-1.9442284618647,-2.47631089556155,1.77681961563978,2.16944197128058,-2.96513229105477,-1.67946384316131,-3.90972339995854,-2.36810022836374,-1.86991034050599,0.315011366105867,-2.83689527263178,0.230886692039867,-2.86765636952241,-3.95183020328743,-2.23372895798221,0.116466633019311,-2.74410602214653,1.80211547561765,-3.45828380592177,-0.0933296407771547,-2.76066697628797,0.0676736315669753,-2.97805410302462,0.194938221558879,-2.0405061136159,-1.57338894018266,1.29677623379408,-2.08150577814843,1.75116442143602,-1.87973944071129,1.5411694133336,-1.70695559615721,-0.698476121507269,-1.97544832807459,-0.443837220411793,-2.14450760991639,0.175713766680018,-1.35982839645134,-0.404839651901815,-1.93307115540439,2.54318245326944,-1.24192679819841,3.55989664060043,0.249870247157439,-1.53238608499451,-0.374022231601051,2.27149476606131,-0.0186553232753551,2.06861206334373,0.205696323781117,-0.991432318520669,0.462130596846318,0.917067245009312,0.337240418858775,2.07939858192027,-0.228142989472577,-0.896671933847939,0.780753473486606,1.58936983615766,0.00266566522649206,1.9842777440156,1.70366149433006,-0.9412970631022,0.13586058043414,2.24518005507866,0.89075396478324,1.53351716849363,0.745085514964708,1.20214030949305,0.0962160011307548,1.86316822001575,0.239901033784404,0.992145395872038,-0.0889246028143465,-0.601653028229764,-3.56677870856499,0.301277090317645,2.04380517065673,-3.54965582059949,-2.25404499011123,0.126643383970825,-2.35401959706869,-0.175041328180866,0.825838196360026,0.00758694448540053,-0.373121858865717,1.20883566940704,0.259813246297606,1.45850149713342,0.42585740469632,0.756536728200311,-0.447088315110779,-2.25282496816164,-0.450042349442992,-0.0893719598838172,3.35583159051951,-2.32915018257728,-3.44589887975588,-1.98259381521915,-0.634758324634697,1.24461170646328,-0.564400076904003,-1.6514971273285,-2.86809677711461,0.515404744244506,0.884202954661215,1.84930746317935,1.1547368710245,-1.56316689176572,0.235492666579942,0.228045611754065,-1.90048121496027,-1.13007026797963,1.7722034109316,-1.90489856293473,-0.562253673523597
