"","296-100-0.22","296-20-0.22","296-40-0.22","296-60-0.22","297-100-0.22","297-20-0.22","297-40-0.22","297-60-0.22","298-100-0.22","298-200-0.22","298-40-0.22","298-60-0.22","300-100-0.22","300-20-0.22","300-200-0.22","300-40-0.22","300-60-0.22","302-100-0.22","302-200-0.22","302-40-0.22","302-60-0.22","304-100-0.22","304-200-0.22","304-40-0.22","304-70-0.22","306-100-0.22","306-20-0.22","306-200-0.22","306-40-0.22","306-60-0.22","307-100-0.22","307-20-0.22","307-200-0.22","307-40-0.22","307-60-0.22","310-100-0.22","310-20-0.22","310-200-0.22","310-40-0.22","310-60-0.22","311-100-0.22","311-20-0.22","311-200-0.22","311-40-0.22","311-60-0.22","312-20-0.22","312-200-0.22","312-60-0.22","313-20-0.22","313-200-0.22","313-60-0.22","313-90-0.22","314-20-0.22","314-200-0.22","314-60-0.22","314-95-0.22","315-100-0.22","315-20-0.22","315-200-0.22","315-40-0.22","315-65-0.22","317-100-0.22","317-20-0.22","317-200-0.22","317-40-0.22","317-60-0.22","318-100-0.22","318-20-0.22","318-200-0.22","318-40-0.22","318-50-0.22","319-100-0.22","319-200-0.22","319-40-0.22","319-60-0.22","320-20-0.22","320-60-0.22","321-200-0.22","321-40-0.22","322-100-0.22","322-200-0.22","322-40-0.22","322-60-0.22","323-70-0.22","324-200-0.22","324-40-0.22","329-20-0.22","329-200-0.22","329-60-0.22","298-20-0.22","323-20-0.22","323-200-0.22","326-100-0.22","326-20-0.22","326-200-0.22","326-40-0.22","326-55-0.22","302-20-0.22","321-100-0.22","321-20-0.22","321-60-0.22","322-20-0.22","323-100-0.22","324-60-0.22","329-100-0.22","329-40-0.22"
"296-100-0.22",0,-2.17296267497434,-0.438558428989425,-1.5189370136139,0.305589529902295,-2.42750257827003,6.78370162918943,-0.81818566062709,-1.64133080024832,-2.17706261033367,-2.33919842145604,-2.54416559661001,-3.40363640425215,-2.66192708392011,-1.13846193967122,-1.85269057393341,-3.08753838054862,-1.93526095832986,0.199893459522308,-0.0614567891270023,-2.31327814206744,-1.93480233709182,-0.792206756963128,0.457217070594731,-2.2138671507838,-2.01516577240263,0.311687425621771,-0.673247479922567,0.370888571050214,-1.17123419295888,-2.04175813854912,0.394130729092377,-0.453334009149102,-0.0250169278948012,-1.43961789776011,-1.41042782216073,0.264995514870362,-0.746955140224973,0.249411570111391,-1.56137966992159,-0.00238212630526942,-0.242498092801334,-0.89523861893049,-0.198874895255243,0.00600715039250444,0.660287961554495,-0.860316804635808,0.0261737294603198,-0.191139635417788,-1.52898074428208,-0.052556473313528,-1.25273856764048,0.763777681143504,0.40812365194495,-0.0371802644783457,-1.90313587037825,-0.208651456249709,-1.9716285200829,-0.309448847136849,-1.94339396853322,-2.1629041249854,-0.505171193345942,-2.02648566795633,0.112029072143737,-2.60798145055844,-2.71563348374494,-1.37930612689413,-1.66185524230124,-0.142169351599029,-2.13670642845742,-2.68584068227893,0.262361366083606,-0.0620943074164518,-2.89279170485767,-2.22391057885396,-2.45486984492962,-2.48553916962125,-2.02274214205081,-2.75560786545515,-2.25383681850733,-1.61455665230702,-2.55269758549123,-2.90407624801253,-2.6889583885843,-1.31768408059789,0.604296304676069,-3.41072745993143,-2.66415530084439,-3.75249448406342,5.90525225470717,0.0229505382989098,-0.678213843527974,-0.347189559716557,-0.125507216832166,0.0791368980566961,-2.00670652322304,-1.85042148686264,-1.70930307644477,-1.34788490266304,-2.42588383881499,-2.72426328878205,-2.67354416072996,-2.23266668946239,-2.79320630705572,-3.27641238438903,-3.48379218731308
"296-20-0.22",-2.17296267497434,0,0.715125977313332,-0.0675470174454466,0.293556641808529,-2.01447513160364,7.87753358407714,-0.782433660539324,-1.86033222430529,-2.01373453162069,-1.9085008921457,-2.03225888073226,-3.30593388902436,-2.49996553486042,-1.1267885707475,-1.76060872518895,-2.87721624939767,-1.74891347991757,0.209116786647543,0.104296367691457,-2.27139045253255,-1.7961313833412,-0.753595367657329,0.623679436874409,-2.16608521840123,-1.93450222825586,0.444252270256449,-0.796256869237806,0.481253269724991,-1.1471502120306,-1.95469188202977,0.495643820939054,-0.655697297233762,0.0710923621879658,-1.4500713699521,-1.43386830653261,0.408600181524699,-0.811863872249264,0.392308036336081,-1.53743350941517,0.0267121272147146,-0.175846851262603,-1.1073048191889,-0.0916244828399011,0.0616999094996923,0.701298134167825,-1.07043098561453,0.101884521654608,-0.123935893325959,-1.50480892179113,0.0201156425450984,-1.23324397608625,0.856835976212864,0.398670488905604,0.034238757565152,-1.73981290995553,-0.0462072406415404,-1.86696257526483,-0.264693638978413,-1.88086550674758,-1.96198342524931,-0.462364742143747,-1.86529910043814,0.144737755527205,-2.46232062140616,-2.52119677247514,-1.40168119252372,-1.60819178459005,-0.320536612681393,-1.93803589512158,-2.45770482836678,0.395141688547295,0.0571574475351365,-2.70304933496421,-2.07952758449397,-2.34935914790954,-2.34249800360116,-1.75934945256248,-2.67103646086912,-2.08016493829163,-1.47449308526605,-2.31684563627167,-2.58995004007498,-2.50550770415944,-1.24824308047236,0.942881721571563,-3.41163582849312,-2.4956985593703,-3.6247124469058,7.24829965953213,0.341007216464623,-0.710551647003353,-0.248145127628598,0.131739510164423,-0.0727835845656157,-1.84399808933811,-1.68254129033508,-1.64061528226106,-1.17222657937095,-2.25334604479406,-2.46670012508704,-2.52433739297798,-1.97807265971354,-2.72210066112177,-3.01424926766047,-3.32628184046099
"296-40-0.22",-0.438558428989425,0.715125977313332,0,2.40323802535769,0.81767904148159,-2.03718693888534,5.91282821348337,-2.0916721193792,-1.96404381660083,-1.78307727567695,-2.66042339614358,-2.44060637997702,-3.43510532784053,-2.82089893578656,0.0795787003346173,-2.01812819483324,-3.07136740467012,-1.86373890014598,0.0210994296590651,-0.531200046946855,-2.48756231479485,-1.43977043462053,-0.115738837145305,-0.205984565978546,-2.39195722096683,-1.91552184590381,-0.149270488191771,-0.414069476508106,-0.119795776925711,-1.2338209023075,-1.93156308640646,-0.138459504471772,-0.0935415255437428,-0.568796905966175,-1.45444197323534,-1.39005582154765,-0.136306697355874,-0.384590814367421,-0.17577381382448,-1.55503272858123,-0.557823092305107,-0.798752413360227,-0.780429709295828,-0.72546624388322,-0.524090691928035,-0.142058762544581,-0.522105362614921,-0.499896976443271,-0.762418062788345,-1.39305901953109,-0.480417395930708,-1.22091751454026,-0.104978957016474,0.441949428935697,-0.528367046404076,-1.76851497522742,0.566332075560837,-1.93675939880063,0.129489988419285,-1.92067431581087,-1.878031081009,-0.0865089608176375,-1.90142689217277,0.32644917530934,-2.08737100586155,-2.07233578129647,-0.832270981497959,-1.69432055470623,-0.139691972556227,-1.98989586708287,-2.19822862181877,0.930242892757068,0.35447309842911,-2.1873012443867,-1.4338724812849,-2.01123569053076,-2.23786215817903,-1.6183465930995,-2.55225842521676,-1.41763355145708,-1.20452106932123,-2.39158252722667,-2.41846635480479,-2.72865588827191,-0.974472059532022,-0.0711374934087205,-3.4835687402195,-1.81964638066722,-3.646959950563,4.58653979120157,-0.574718581665824,-0.126749454269453,-0.39317350238039,-0.583461334918255,0.314459174018741,-1.99009488938129,-1.61342674167153,-1.75040127728329,-0.929058023718964,-2.22071162842908,-2.32801753674864,-2.49629266844677,-2.18584490845855,-2.74193699196973,-2.94500711283685,-3.12075737436702
"296-60-0.22",-1.5189370136139,-0.0675470174454466,2.40323802535769,0,-0.551849168041198,-1.50138143278665,8.12642376102725,-1.4206489445043,-2.03283536871486,-2.09031345633394,-0.549330270405251,-2.03735720224091,-3.19375832230571,-1.86358667238439,-1.0079405456817,-1.60165807143338,-2.67560056945428,-1.61006500796751,0.366261183350826,0.365899961207704,-2.04698178621006,-1.66798545006312,-0.609003977717323,0.836670492033451,-1.85818286993067,-1.72044924171871,0.674464918348415,-0.63068206663135,0.580719405369547,-0.801001357124788,-1.66167722196189,0.691863937228531,-0.337311690673472,0.338359191018399,-1.10670215470812,-1.28139030694428,0.620778360478811,-0.716187629583304,0.647601455758176,-1.24426756029192,0.355825436948508,0.105473531688353,-0.89235903080997,0.167411833020746,0.348620978671656,0.911676795386729,-0.950084990844066,0.368670368489066,0.204350627502124,-1.50451961002042,0.337222758054469,-1.0090706520406,1.06896431305544,0.452494881612633,0.327433474668913,-1.45215970618453,0.239760094592583,-1.53023001725329,-0.105724456442966,-1.42675156884567,-1.39652668993835,-0.0271318477562286,-1.44220364439603,0.278584408343112,-1.96166574392332,-2.38925132139314,-1.19130973162359,-1.25706701997454,-0.287094264676228,-1.63550039103966,-2.05817729156003,0.724608484578802,0.220802646489699,-2.28102664218804,-1.6718225345974,-2.1106929377534,-2.01981102180464,-1.41240291023291,-2.13758498637772,-1.90263345208889,-1.39808730469755,-1.81509580013438,-2.19448017188964,-2.12211309156356,-1.02344616405158,1.36265634259366,-2.92423076453529,-2.47806414790505,-2.74475563582692,7.47161481247761,0.790236892104536,-0.730093803032695,-0.00858768238085384,0.458100665928449,0.100936871375265,-1.40946106127926,-1.30303903637226,-1.38576338755711,-0.739589580671568,-2.01814619708941,-2.13228102761936,-2.294451956362,-1.60224006797031,-2.14242452241541,-2.98852041752014,-2.98929234860764
"297-100-0.22",0.305589529902295,0.293556641808529,0.81767904148159,-0.551849168041198,0,2.18262020807498,8.3300040909542,-1.19988426595404,-2.36319521198841,-0.90333570318513,-0.630812701626165,-1.8044726753916,-0.615980945453357,-1.54147075456617,-0.310721304689029,-1.01827550940584,-1.9990719777316,-2.02491748425404,1.02845004674478,0.714809582999221,-1.46215094502107,-1.84007912481553,-0.299761028930971,1.18862662164253,-1.08402985465098,-1.54822715421978,1.14383530367098,-0.498493165896505,1.07118548090947,-0.442924444395658,-1.39456698673556,1.16086507208032,-0.146826783775623,0.705491302312384,-0.853879638758103,-0.136307746741978,0.948302430059852,-0.26502417007101,0.917422098450227,-1.1718944411895,0.658182318725208,0.560290287922162,-1.05021351267367,0.601635441048488,0.85783197240711,1.27805993311247,-0.766340497985384,0.898692723235315,0.708575457322222,-1.70385908658875,0.729758429085534,-0.68722096876456,1.28683502898458,-0.808815918255334,0.637309042969812,-1.40369150908085,-0.372075476919569,-1.53972685467439,-1.46597252639564,-1.2563427691143,-0.99558550518938,-1.74453632683385,-1.73969910310285,-0.540790679615066,-2.03368395288045,-2.47346461769639,-0.979717718362185,-1.16106674245798,3.16224179306427,-1.03052149905904,-2.35326250084195,-0.836989349392371,-0.986618685067926,-2.37124841829018,-1.801261696276,-3.08219962227185,-2.45011151101968,-1.72371561429379,-2.26067242678783,-1.52172733450116,-1.7757784557052,-2.1705296393705,-3.10671841052611,-2.52881063536932,-1.54318547597837,0.836018928197916,-2.5558046172404,-2.37395827994913,-2.43588305660482,5.79237419990381,2.67873730473073,2.92813364018089,9.00506836968993,1.12019171192845,3.48895380660686,0.454162786495697,0.78201945729467,-0.988227571577252,-0.811958958408264,-2.3254149378872,-2.48051895939999,-2.58120395088015,-2.20417079867772,-2.32413729458666,-3.20707912350766,-3.10216092839815
"297-20-0.22",-2.42750257827003,-2.01447513160364,-2.03718693888534,-1.50138143278665,2.18262020807498,0,0.614570180400398,-0.164484946071805,0.0984154451241348,0.751638599220017,-1.99758744382157,-1.92016661044046,-1.99568277568757,-3.16577374906548,0.739480577863787,-2.1851709341344,-2.54575045585104,-1.34699791232362,2.91396630155718,-1.61897794527889,-2.44396919300077,-1.04909596711615,1.54768837776635,-1.40025586145884,-2.66174047489586,-1.48931170242719,-1.04336902824057,0.988349164759367,-0.940746371606714,-1.40499393114316,-1.82935558706962,-1.23240856158433,0.449810990315248,-1.59061587776951,-1.72017274249673,-1.03792823219818,-1.07024739102039,0.446718080639367,-1.12741104337308,-1.89611754474605,-1.44884947262815,-1.95671799890794,0.389505336221399,-1.94033438394805,-1.66145800652662,-0.964885871476299,0.286552966070576,-1.58042384909617,-1.9772704689268,0.180706406553795,-1.41350612827102,-1.55225073427543,-0.861878764277209,0.611476617113178,-1.27816673056206,-2.21552515723012,0.814709788294511,-2.16863905250149,-0.286746559783776,-2.33085105736476,-2.20068462737179,0.347182296392231,-2.65797016853614,1.0315120082704,-2.72973205842355,-1.18098808106531,0.352943371040584,-2.40863087064781,-0.186287063702956,-2.70853726362882,-2.46822405442039,2.10213859104074,0.258761853543924,-2.12968936084217,-0.992897622690838,-1.51257770866416,-2.24157151319165,-1.87660796959802,-3.44300533142809,-0.420833679902937,1.21203265620838,-3.14604236652199,-3.25055966773694,-3.47008367169042,0.216175072313827,-1.95131402959207,-4.02507657066828,-0.821822682094282,-3.95128331894249,0.514534140654819,-2.16228556069458,0.453391222517362,0.374807595523756,-1.83592287040801,0.68944692080694,-2.27600558902436,-1.82321415850474,-1.98320518538721,-0.978587279444169,-3.02344530446139,-2.79388157984212,-3.53515877070331,-2.38512514030117,-3.08002854636742,-2.2691916202667,-2.89787566595936
"297-40-0.22",6.78370162918943,7.87753358407714,5.91282821348337,8.12642376102725,8.3300040909542,0.614570180400398,0,8.12643294442552,5.94294734925629,7.86068767491845,-1.44747804189444,-0.57687096957305,2.32802655250465,-4.02824723298881,16.3230882457336,-2.8991755259705,-2.39898010747927,2.55485696348933,9.03637085000779,-2.91369990251266,-2.78468869422048,4.94879648855985,11.0300168279785,-2.82433042186671,-2.81421346286998,-0.351996992397509,-2.18220339171339,4.76083001302433,-2.06450936102593,-2.12217665064574,-0.70532490391439,-2.51338406370499,4.37669552944484,-2.69378798186168,-2.49555193378713,1.733954732065,-2.20664336270543,7.17037602830887,-2.29447844893164,-2.66267420992633,-2.64139670304175,-2.97915200780011,5.57824189350396,-3.08409134706317,-2.92316326201273,-2.52912774778173,7.14139330093604,-2.66741267023713,-3.12753808995769,3.07027399369312,-2.49023130942698,-2.46181539120086,-2.66000401458015,4.27912776413278,-2.35127932156518,-2.26427581093635,7.69701365841341,-2.81044552881386,6.89035849791116,-2.90668707327609,0.357369787594618,6.89370694667186,-3.32642031288645,9.11751682317951,0.0158154117089842,2.69581268837813,7.84282279523922,-3.37338129375663,1.33114804941087,-2.9322501408891,-1.07763105984367,11.6965144822123,6.75272740294295,6.06132281064453,9.19711325709093,1.3826650525445,-2.2363393735723,6.3572894867567,-3.48095116523648,11.8081926030565,7.3933395069362,-3.53131542144473,0.328072916614774,-2.63477823907693,9.95443955595193,-2.86712471987827,-3.36355509388638,13.3109861958515,0.737516629633274,-2.78034721367344,-3.43584111436844,4.30272632025457,3.22958145485409,-2.59321025674525,2.98423165137132,-2.55805133678003,-1.69674324927647,-2.67511928408052,6.93048388333717,-3.29989540503536,3.65178234191102,-3.51162195298585,1.84116565306579,-3.40870195927244,1.94117612463006,-1.88406519841495
"297-60-0.22",-0.81818566062709,-0.782433660539324,-2.0916721193792,-1.4206489445043,-1.19988426595404,-0.164484946071805,8.12643294442552,0,-1.76487575689227,-1.84771689455101,-1.7312973317962,-2.11418582400326,-4.03429712014282,-2.28202051918164,-1.66239987762751,-1.74015095271572,-3.15930004536978,-2.92851625001549,-0.632897433966323,0.530291587836812,-2.11058613670086,-2.5927843691664,-0.96420525518468,1.04541809861586,-2.00644177808507,-2.22294855821854,0.870271538163131,-0.998905915133952,0.864839321277643,-0.955639743322606,-2.26987435771413,1.0145395054036,-0.734911025211028,0.593891358638961,-1.08196288460491,-1.32778191465652,0.840694971180798,-0.782710180826208,0.812858220565721,-1.34834933722123,0.573263565089974,0.423949470868343,-1.16640880918964,0.442678250101372,0.621135732091497,1.23672773931207,-0.98472101677413,0.686137717319015,0.38719896492797,-1.87970804891446,0.483085844108435,-0.960413429051059,1.28768886536428,-1.13672255180927,0.500775778213345,-2.19930895331127,-1.26236188576028,-1.88485966619649,-1.44034821808751,-1.80246478764891,-2.75366872233179,-1.43465888728457,-2.19696791289915,-0.807258810584754,-2.77321790570146,-3.0051835387068,-1.45751140714385,-1.70912253668932,0.0667503627284874,-2.51605173008271,-3.29089518599489,-0.96306636035748,-1.3081048547179,-3.06996909921084,-2.68530602774053,-3.36651547286118,-2.92285715987305,-2.66753617259243,-3.13345389167358,-2.69965315837263,-2.02386870189961,-3.01837131699426,-3.82665463492218,-3.78250297158596,-2.38720824303363,0.955783828563436,-3.092549776758,-3.23007480512227,-3.42437760568592,7.10133140894336,0.968314613980955,-1.45688934938112,-0.892520275574492,0.596630601786673,0.831766907844462,-1.75356938628922,-2.10393246710456,-1.53503627616425,-1.53103689025883,-2.56869450026881,-3.2172609582666,-2.97700567012288,-2.97361915176351,-2.62602664157859,-3.28227602660058,-3.09331060964213
"298-100-0.22",-1.64133080024832,-1.86033222430529,-1.96404381660083,-2.03283536871486,-2.36319521198841,0.0984154451241348,5.94294734925629,-1.76487575689227,0,-1.10860296807311,-1.54207578777111,-2.07041914393586,-1.00880496127967,-1.64190243428253,-1.11073061299683,-0.931967984754994,-2.23259366475815,-2.46194470980354,0.613697063855885,0.203087887622136,-1.41659390604072,-2.09761898344997,-0.412453726120356,0.635445171623544,-1.00029278834043,-1.66998901022378,0.549612918385581,-0.500222301186625,0.59601380908724,-0.59204713806823,-1.61572031257727,0.495564396162483,-0.566245254910734,-0.104923035759921,-1.07008385147129,-0.306153028775184,0.369427231623347,-0.487234377580188,0.382478363903814,-1.09289629753956,-0.0642937662139642,-0.349163737722653,-0.886826340769501,-0.306805351528443,-0.0846954384164329,0.195842942148345,-0.836349164461324,0.0267100502263405,-0.238262064611949,-1.70160101638519,-0.00481009799142422,-0.776291566848627,0.178557193025803,-0.869919236859423,-0.0807532683380548,-1.54237297045415,-0.950634197957083,-1.4626208278162,-1.39635370437268,-1.28420479677454,-1.80946763949416,-1.75796160265224,-1.74321963734564,-0.818341775967401,-2.27079362986485,-2.79773207988744,-1.150095225743,-1.24822710630631,2.54810907576649,-1.02952467243077,-2.95728880087946,-1.15486181244336,-1.05886044392292,-2.63993388658641,-2.2482674090908,-3.31205750747668,-3.04444574045053,-2.04887193359065,-2.44889093365046,-1.90442406617864,-1.75738866793376,-2.78680389586066,-3.25293433833778,-3.02634241015135,-1.78095024334796,0.00692401904445368,-3.03262764689857,-2.76555400136228,-3.30880312674738,3.78576407766402,2.25202909148756,2.96680283803826,8.1927668092804,0.9128340834581,2.38198998817426,0.643532147248847,0.406561215847363,-1.11606720998214,-0.993352965080602,-1.70533923607441,-2.20124736140978,-2.07083668021813,-1.98225457362194,-2.14257646096077,-2.54210849100049,-2.7192871765659
"298-200-0.22",-2.17706261033367,-2.01373453162069,-1.78307727567695,-2.09031345633394,-0.90333570318513,0.751638599220017,7.86068767491845,-1.84771689455101,-1.10860296807311,0,-1.97987811843507,-1.66966591987104,-3.44717422833768,-1.83403419503042,-2.60871901835898,-1.44713141838486,-2.54461120858945,-3.14607578203869,-0.929865291074711,0.966041964656034,-2.16857767077065,-2.79931691679902,-1.99130496508047,1.5921293438157,-2.03483402708403,-2.12391207034941,1.25861200253739,-0.927361212959909,1.14770405734626,-0.784883328792966,-2.22686242599614,1.43873514247767,-0.94443725003932,0.89902277363701,-0.965298153979779,-1.52517019674399,1.20587234176538,-0.882627239692718,1.19959844162697,-1.07180403144331,0.741183928863731,0.657750096925972,-1.32766099931575,0.780526612219641,1.00880142093266,1.5306660580052,-1.48289823067251,1.01944189185478,0.920693619107154,-2.09886842537405,0.900246387530258,-0.839387017928834,1.59566002069328,-1.25631429809638,0.721870597234495,-2.74626808342715,-1.9393930066273,-1.38542416572277,-1.90953906958598,-1.35350576260856,-2.76640360390088,-2.28937142711419,-1.60827605284361,-1.91181573891011,-2.61306930595676,-3.40741538391075,-2.09569142606444,-1.2001260390696,-0.222492504366025,-2.46892279093792,-3.50547732553496,-2.02787254819219,-1.99396837944067,-2.90004861031782,-2.45222192739875,-3.65598017792801,-2.92041204548357,-2.60785753234209,-2.22567492463669,-3.22129933020598,-2.80815346294184,-1.86880521056415,-2.70697715636981,-2.81780665053002,-2.81379514546789,1.20369848834811,-2.0175130533014,-3.31906218444622,-3.27814474703932,5.10451962769592,2.1467090877809,-1.57250108532787,-0.938701327190273,1.51435978548792,-0.170672585969376,-1.37096796743809,-0.881014294215842,-1.07372485192304,-1.43964526742946,-2.22760862107687,-2.99571351944503,-2.34585232966821,-2.79508696652843,-2.19225294004342,-3.34964422229321,-3.19176788334542
"298-40-0.22",-2.33919842145604,-1.9085008921457,-2.66042339614358,-0.549330270405251,-0.630812701626165,-1.99758744382157,-1.44747804189444,-1.7312973317962,-1.54207578777111,-1.97987811843507,0,-2.87712023701408,-3.85934615641138,-3.49828190349232,-0.183779272041796,-2.47666030066059,-3.01616532752303,-2.44042050990488,0.0722455229087353,-1.92753296588497,-3.16926941035774,-1.8809419376825,0.463501723416243,-1.79107026047714,-2.99462480338959,-2.31730999654278,-1.30028901298155,-0.573118246407227,-1.22980397072704,-1.54891511724276,-2.36118479007086,-1.44860040606393,-0.200568060033893,-1.7719998417324,-1.7158167033911,-1.71490795227336,-1.27876264165131,-0.146715375873832,-1.32666803755516,-1.91965010630532,-1.60413712935826,-2.04598382453062,-0.553596256760321,-2.05717543250468,-1.81956856543532,-1.50606976037171,-0.291329717322181,-1.68132924366868,-2.11674421930785,-1.90932829250321,-1.59152515035013,-1.56771021631981,-1.58170413731734,-0.468978884962814,-1.65088009703329,-3.01199214244806,-0.525753536625935,-2.36051978124938,-0.795056911764947,-2.49156134727189,-3.00907084317821,-1.00018754048495,-2.66924546871349,-0.275376901527782,-3.11690578566084,-2.84871895247568,-1.04754763784906,-2.3072299790778,-0.0308325997282946,-3.40319974624496,-3.43924271374616,0.0348143543399551,-0.624632251021928,-2.61278139526737,-1.96839735646773,-2.92844636733308,-3.37381766736296,-2.2256815722328,-3.33971035282625,-1.6267959725843,-1.27989262268881,-3.28159384896793,-3.20195189214441,-3.4947832408342,-1.86513148965939,-2.34059880658417,-3.94648681005801,-2.08389864946608,-3.84621728951395,-1.62399670606575,-2.6407254913898,-0.23797566192286,-0.703439793517954,-2.15455635733647,0.650682050111399,-2.3701644972472,-2.04675950809505,-2.11792261372376,-1.08939757938101,-3.2018487632042,-2.91713647567286,-3.71500704932174,-2.87960314381701,-3.29467698491814,-3.08178913769066,-3.15778136877004
"298-60-0.22",-2.54416559661001,-2.03225888073226,-2.44060637997702,-2.03735720224091,-1.8044726753916,-1.92016661044046,-0.57687096957305,-2.11418582400326,-2.07041914393586,-1.66966591987104,-2.87712023701408,0,-3.02733750173315,-4.19616836587991,7.65872053872189,-3.81107382156012,-3.3031104499503,-2.07857230265153,2.09092322054043,-3.22033751796893,-3.10864450433001,-1.68799765445089,1.04526128845664,-3.29100440814721,-2.69590097808347,-2.43795708947993,-2.65787928400729,0.269003165918176,-2.39950291151296,-2.56895701043274,-2.46361032184,-2.71563147073736,0.133650050398018,-2.52038721364435,-2.46324674678388,-1.41642509643724,-2.75443738961633,0.178713482922782,-2.79283059413278,-3.47128498600153,-2.48826783285878,-2.68294756134127,-0.31220380951149,-3.01417419433405,-2.82713396784289,-2.4333540287131,-0.537540433509938,-2.60574080336772,-2.78610135333125,-1.55118249306958,-2.51456549645868,-2.83222318957106,-2.54575125745132,-0.297510043261754,-2.40048051894244,-2.86286447019645,-0.408869346923561,-2.5784694914419,-0.853578284655777,-2.71338233309827,-2.58466558088194,1.97886431650637,-2.81225457309128,3.24031491625495,-3.18048060581745,-2.73126605400204,-1.04807235940059,-2.71695413022393,-0.205418183533455,-3.2191046925573,-3.63437714650237,4.94428089192226,-0.432131062576788,-3.36545871337803,-2.32094588282886,-2.7997345279288,-3.49717868060057,-1.43157865917529,-3.32059377004882,-1.33595020121481,-0.741907733748272,-4.34596500123649,-3.34477124624349,-3.86808225539488,4.21767757936041,-2.32207795832251,-3.50866866948016,4.31884577813144,-2.45398005914687,-1.64833204398211,-3.54927352589528,0.000855023651754317,-0.707381065149618,-2.33275249430337,0.588080913150857,-2.49929327583381,-2.29612111180983,-2.8642232895143,-0.202843135970503,-3.06733789513255,-2.14129601377367,-3.14182737875565,-1.93851338827187,-3.02574017223018,-1.71582198863701,-2.10967586859934
"300-100-0.22",-3.40363640425215,-3.30593388902436,-3.43510532784053,-3.19375832230571,-0.615980945453357,-1.99568277568757,2.32802655250465,-4.03429712014282,-1.00880496127967,-3.44717422833768,-3.85934615641138,-3.02733750173315,0,-2.94803037473714,0.528423807089478,-2.99278024648632,-3.54219825463246,-3.15781565594916,-0.277711210561334,0.538243941696379,-3.07220285667251,-2.42252258605251,-1.33787704326283,0.515574954989726,-2.64571790182615,-3.37166128914199,1.15230947524691,-1.30729448082342,1.12404684996658,-2.22250740482225,-3.56266927599172,1.18175129731634,-0.0699580282779505,0.649367824891928,-2.47169182505203,-2.96854289026568,0.969139383743453,-0.919879808519364,0.705961366065643,-3.08071898351978,-0.243377154713138,0.139086946632185,-1.62019393133241,0.273067455709217,0.607361668344101,5.28026267472287,-2.01586081703455,0.793534263900817,0.360532756376057,-3.38275954940426,0.30180390956221,-2.58900508873151,4.81500706224312,-0.969365218979801,0.319230100416503,-3.83849344491478,-0.164574798281271,-3.39109195133282,-0.881513252723278,-3.39450941491068,-3.43959658447288,-1.03619751715215,-3.03161041764302,-0.282444898506798,-2.94991453569203,-2.83694261281001,-1.87271903602908,-2.75263738618032,-0.251045034390579,-3.22513541613837,-3.7077921463239,0.37273043113651,-0.859018478507242,-4.15512399589902,-3.29824008050481,-4.28220823811978,-4.53398369733969,-3.66365303805179,-2.7723001507833,-1.95882715119537,-2.54628061545686,-3.32481072639421,-4.35876877381641,-4.14912132257693,-1.42154179120894,0.360317913318608,-2.58366377345366,-1.36068143638677,-2.41556586446396,1.14391607046365,0.65684368027231,-0.0245781100081741,0.191827927670485,0.03366961472618,0.968707538303825,-2.13186084150418,-0.935293244237884,-2.56975542252066,-2.09967017868866,-3.8897608958453,-3.41401917921451,-2.97947152850374,-3.27727924166222,-2.61255424756008,-3.21612948869216,-2.2079992415644
"300-20-0.22",-2.66192708392011,-2.49996553486042,-2.82089893578656,-1.86358667238439,-1.54147075456617,-3.16577374906548,-4.02824723298881,-2.28202051918164,-1.64190243428253,-1.83403419503042,-3.49828190349232,-4.19616836587991,-2.94803037473714,0,8.87959630965367,-3.32349751469827,-2.44876719672445,-2.55545271246135,3.15088752766321,-5.06150868591335,-4.21145091266609,-1.49224087357867,1.06848297642715,-4.88146385595154,-2.86523583680054,-2.86593858562488,-4.66455487886052,1.05920624212972,-4.42734134604963,-3.92302826131202,-2.89788611654999,-4.76036255032734,0.873425476924478,-3.52693730614585,-2.87437188708278,-1.99317516859232,-4.76101408637563,0.392032403636672,-4.53003790108258,-3.29342232546308,-2.98371541946075,-4.0632198014777,-0.544919579372889,-4.20833653514206,-3.54347513338781,-3.15771696600996,-0.572647084147333,-3.45907730571636,-3.85724743773973,-1.07478618643673,-3.17878942282622,-3.39462821271757,-2.90809354895879,0.221210793216323,-3.22264427619635,-3.94800710580402,-0.371950364099641,-3.43334528113367,0.161349491015491,-3.18461591645851,-3.28602076106725,4.16649109023965,-4.45705767531713,4.74283649482356,-3.9719989456258,-2.91491265446075,-0.669016857142488,-4.35556996298158,-0.157979223210304,-4.58556675278608,-3.8836204571973,6.64090351273696,0.872270854862823,-2.82838344839337,-2.39625322553382,-2.12725696014789,-4.22228541686862,-0.789312342505925,-4.65258836717157,0.0287905617457341,-0.472452125232904,-4.30520114838264,-2.64514322165738,-3.71776414710943,6.92678285452823,-3.79628774445348,-4.33335294377754,5.70180457194773,-2.55385295761803,-4.38769351477088,-4.11403954732081,2.28319906887846,0.515627892860888,-3.58528961307428,1.45675626365313,-4.23647110213677,-1.89776028041481,-3.95875562173901,1.85448178190348,-3.41926458419662,-0.76850532218161,-4.75897685090153,-0.591180850831835,-3.53023984224255,-1.84515504831691,-3.15272371934705
"300-200-0.22",-1.13846193967122,-1.1267885707475,0.0795787003346173,-1.0079405456817,-0.310721304689029,0.739480577863787,16.3230882457336,-1.66239987762751,-1.11073061299683,-2.60871901835898,-0.183779272041796,7.65872053872189,0.528423807089478,8.87959630965367,0,9.13185770242344,8.94655113268943,1.96387222841765,-0.92539064157186,13.9229010029126,9.5931652796661,2.49207596385669,-2.51611657342411,15.5002824842133,10.7713754582055,3.96393269962987,12.0193920781779,-2.28611061424509,11.8316915023773,8.25912026274244,4.23297751976634,12.2636577223908,-0.921373122343981,12.2522062530258,8.33605217714268,3.47142869269783,11.8801229836147,-1.6405129608839,12.4765955324932,7.92036022817911,13.8241300309649,11.793044000441,-0.159756913122151,12.466967608162,12.8113484907688,14.4707104136472,0.696217441101105,12.6245717137455,12.7356506081412,4.15793950943533,12.2740235481558,8.10085993121976,15.7703817801431,-2.5640127227628,12.5228266408314,4.54083157109053,1.11923093633103,6.94094760402263,-2.68594039966154,7.09662371792695,4.87491332036023,-2.34203797660626,6.92703443068954,-3.22861001651548,4.49823223469573,-1.29039457940147,-0.816949142288896,7.74529017091041,0.917531660443727,8.21791581046568,1.41934903989183,-1.60936169616437,-2.79922225899542,1.10251932003886,0.649191465938929,2.04738879415922,2.98054347740747,-2.41322885864897,6.09697675449545,-0.825628856131361,-2.80197271385842,6.81862902992822,3.40126358039906,2.00211028398482,-1.74519727919523,13.8990273786788,1.41051479449326,-2.47087835420044,1.42407287869766,14.6519348743541,18.1622771230929,0.588357637811757,6.59247192938035,14.3011592851321,2.6288429632163,9.5303087552967,10.6412713788268,8.31815858730309,0.160484947162757,5.84990227422968,1.09326757238998,5.50816331881379,1.77477338737199,6.18347561973873,-2.31281416261983,2.83719022127401
"300-40-0.22",-1.85269057393341,-1.76060872518895,-2.01812819483324,-1.60165807143338,-1.01827550940584,-2.1851709341344,-2.8991755259705,-1.74015095271572,-0.931967984754994,-1.44713141838486,-2.47666030066059,-3.81107382156012,-2.99278024648632,-3.32349751469827,9.13185770242344,0,-1.66737040007422,-2.52253915693779,2.37357554406357,-4.58723500883372,-3.48297614629676,-1.42522676274211,0.0723223833756136,-4.63652797461635,-2.57192629098111,-3.06935500971282,-3.979125258124,0.685490567377048,-3.8304615284332,-3.31347141803282,-2.81179952498484,-4.08230422476075,0.761180302833674,-4.25576277220461,-3.32073976221581,-1.64262027465086,-3.99259817750672,0.5897729282306,-4.26329985099075,-4.46988716655407,-3.99181690522196,-4.44371875082063,-0.236298126200755,-4.51377414228158,-3.89895530788588,-2.25536090888061,-0.855847897470901,-3.47814699311847,-4.1646777351256,-1.41050019451119,-3.80402873531651,-3.59965384441134,-2.3291476173211,-0.0663556686733713,-3.70807819079698,-3.5337518528521,-0.658239993777203,-4.17068254187609,0.0786285098377121,-3.46028504746937,-2.94008498067591,6.19984675984013,-3.92970898642725,7.06104664444784,-3.87409453523448,-2.44845632330273,-0.698356751843195,-3.94726545364059,-0.282050873676397,-3.95798486037297,-2.51638007606795,7.51103445031984,0.897933805407272,-2.3566787587846,-2.18425294253509,-3.10331517703317,-4.62796295554852,-1.30213322087853,-4.47760090709681,-0.371505281368674,-0.601455459974977,-3.83645427431809,-3.29031524065283,-4.13656096250122,7.67949906323526,-2.52810508023188,-3.32995752444528,6.95933629330727,-1.83899139827132,-3.26314672864431,-4.02517646682018,0.0975609764343216,-0.246895861062144,-2.33255104944763,0.859631644962451,-3.70463353401503,-1.65125621582037,-3.50806941457902,1.09775171004079,-3.82107069917329,-0.948665078262194,-4.27880961442278,-0.736506678407909,-2.21039116721581,-1.36441047965851,-2.53848487182031
"300-60-0.22",-3.08753838054862,-2.87721624939767,-3.07136740467012,-2.67560056945428,-1.9990719777316,-2.54575045585104,-2.39898010747927,-3.15930004536978,-2.23259366475815,-2.54461120858945,-3.01616532752303,-3.3031104499503,-3.54219825463246,-2.44876719672445,8.94655113268943,-1.66737040007422,0,-2.94443009158924,1.96330258095946,-2.35847682764602,-2.91030538071133,-1.75235970134245,-0.150854229594716,-2.13801131157898,-1.68269625356312,-3.07888149243797,-2.5793909522335,0.222960013532207,-2.49586500061232,-3.31643467853901,-2.89711757100444,-2.87210004686571,0.144572989698288,-3.21964072622998,-3.4590470442766,-1.42498079056027,-2.88957725125458,-0.130381023978395,-2.61601609331545,-4.52803652616801,-2.90451073033614,-3.20118760526924,-0.584456637887634,-3.33673592830881,-2.61063987493995,-0.134700887059972,-0.970134596821006,-2.12716319301733,-3.09799600598262,-2.1280228543371,-2.78491672479316,-3.45678437647453,-0.233346441942341,-0.151947287159651,-2.90035850189176,-3.20073785679307,-0.365624031136039,-4.4037884232156,-0.0588586715661312,-3.38945540473893,-2.93171543235358,5.15287708107071,-3.91045200195112,6.05692218289138,-3.67878217697298,-2.70926043340115,-1.09016094418967,-4.02926852812437,-0.472955016000427,-3.97662561783618,-2.86922677666103,6.74017691843385,0.311311380666422,-3.43324546867648,-3.56652559700356,-3.18934021841047,-4.76709283042841,-2.75506045695839,-3.81787315679539,-0.934670340562874,-1.23076019261457,-3.88828409452128,-3.97990061303531,-3.88953461251002,7.3374784901287,-2.30682877475593,-3.58404736623522,6.54504373421038,-2.24064615570093,-3.00481016761742,-2.75139329383354,-0.101187260103679,-0.668798777593451,-2.2850941978997,1.16894410586807,-4.12550892602349,-1.88152736330512,-3.38369157944555,0.366923110347113,-4.12602145221861,-2.6872539203501,-3.9477993796655,-1.91705602631355,-2.5278022894168,-1.86693250430033,-2.75970973988519
"302-100-0.22",-1.93526095832986,-1.74891347991757,-1.86373890014598,-1.61006500796751,-2.02491748425404,-1.34699791232362,2.55485696348933,-2.92851625001549,-2.46194470980354,-3.14607578203869,-2.44042050990488,-2.07857230265153,-3.15781565594916,-2.55545271246135,1.96387222841765,-2.52253915693779,-2.94443009158924,0,1.38428334980767,1.66952225095838,-2.80449119502141,-1.17427161882553,-2.04170806777065,1.53041865883435,-2.61676034699863,-4.34280753695725,1.45801835098973,-2.37029934796678,1.42226024885745,-2.56137181696138,-3.92865198973349,1.52178709493523,-0.715030496636576,1.18970651767488,-2.34604230243073,-2.37806896308037,1.46435930877145,-0.987295894468352,1.17725741042935,-2.92515680694422,0.230547703094455,0.630830250266401,-2.00209865635175,1.05235418524033,0.980283761832626,3.04029154132207,-2.26499800598257,1.592272219376,0.581658118798955,-3.32181443609233,0.65010102374439,-2.52797457504218,2.45968202841962,-1.4864104018129,0.653190646587057,-3.42055164961171,0.121078087291815,-2.94768636716069,-1.40776754305282,-3.50687392833389,-3.997977124633,-0.212193775314205,-3.43038792078595,-0.377437367737618,-3.28550789683274,-2.45880871567115,-2.40713089638226,-2.84552877706056,0.412355845381227,-1.73610489254899,-2.78575038985683,0.273444781249039,-1.12402223353149,-3.04136928199177,-3.0378738573924,-3.53721215502653,-3.79890460057189,-3.55855136753105,-2.28295859840789,-2.73790444061141,-3.46182925554382,-2.78995979656999,-4.23663513889284,-3.64314331075895,0.640459661112512,3.48216913815661,-1.9661751934738,-0.527917131372227,-1.62010151679743,1.36700415371113,2.35470559316645,0.250489313734424,1.37886247893615,3.21361343565102,1.98948967183552,-1.36175723655191,-0.0971674556138482,-2.12879291718393,-0.643861368484046,-3.01085989486045,-3.35237734421314,-2.68052418354503,-1.87778818710779,-2.62084386342334,-2.40792218899946,-1.48665095716556
"302-200-0.22",0.199893459522308,0.209116786647543,0.0210994296590651,0.366261183350826,1.02845004674478,2.91396630155718,9.03637085000779,-0.632897433966323,0.613697063855885,-0.929865291074711,0.0722455229087353,2.09092322054043,-0.277711210561334,3.15088752766321,-0.92539064157186,2.37357554406357,1.96330258095946,1.38428334980767,0,6.52832258997211,0.346612999719126,-1.10914439438008,-2.35395256164809,6.43578056015059,0.357178898458556,-0.609442385900507,7.7922921729899,-3.32246223505109,7.90767045812603,1.14378808517343,-0.946536116774769,8.30177910135932,-2.27281623715024,7.761187856876,0.940413501315605,-0.370324250393275,7.74054666554755,-2.42297145212198,6.91255786891759,0.380677081031486,4.40708626251324,6.7777808228248,-2.68505153912987,7.59469457117091,7.52306580270013,10.5171463198989,-0.927605143772085,8.20128600185321,6.32824059000631,-1.57574816609353,6.6924305033519,0.404964150851932,8.53383028782611,-1.96738152120124,6.24919014180558,0.982720842744884,2.71018794014959,1.3569291155888,-1.63541186581759,0.0388627483216912,1.61851861908217,-2.62025889607016,0.93533690772692,-2.59450172887113,1.22305207628344,1.58356831538591,-1.63845001728097,1.37390312959068,1.37314549125427,2.56805384153606,1.77280478549473,-1.72073911198865,-2.42343169690626,0.00718764020379856,-1.28194076700066,-1.8930647312669,-0.125308759408865,-2.13302158072484,1.65335423135506,-1.5686866500097,-2.75912663701528,1.72489249035715,-1.19636190881832,-0.0956031625621639,-0.0139024796371743,5.5092738570716,1.22304300396974,-2.35348500409914,1.85657364487403,6.61919392280149,9.04430558554769,0.455411433190868,1.53063532200224,5.48326124327906,2.51352491334183,1.00276242232838,1.7646654319328,1.8654592882099,-2.72744268965598,2.1765408985895,-1.05605271256344,2.28055133620248,-1.250245703408,1.27220160659368,-1.54968724767486,1.79325594611669
"302-40-0.22",-0.0614567891270023,0.104296367691457,-0.531200046946855,0.365899961207704,0.714809582999221,-1.61897794527889,-2.91369990251266,0.530291587836812,0.203087887622136,0.966041964656034,-1.92753296588497,-3.22033751796893,0.538243941696379,-5.06150868591335,13.9229010029126,-4.58723500883372,-2.35847682764602,1.66952225095838,6.52832258997211,0,-4.18219120248724,4.32464138261658,8.52923984253943,-3.50876498476519,-3.15936513217414,-0.288252313154564,-3.13681040261348,4.55164242293242,-3.10151750868718,-4.22678103110594,0.0495862823328065,-3.34683247775398,3.13665074115341,-3.4108540141289,-2.90033799911263,1.71279554308001,-3.36523888728233,7.13882545982096,-4.70305722737342,-4.6336070636333,-4.16846450370788,-3.56376008664903,5.77111100660387,-3.7481182326705,-3.57674102459537,-2.92075088447377,7.78580400675209,-3.15324204411453,-2.91702431473469,3.72307358559155,-3.21701024192403,-4.24841882334022,-2.82110888189494,4.60080341262009,-3.04297538837212,-3.30193275811162,3.01783336803212,-3.50879669045009,5.31984894005953,-3.57488755157202,0.140452884200602,9.24250900367381,-2.79071348294056,11.6122370007861,0.564340504236386,-0.334675899467089,4.59906009865369,-3.16174904571363,1.5160780374925,-4.03051800653828,-1.88569180795173,11.0391010978355,7.65994971551252,2.55561614026748,6.87275165168914,1.37580608696653,-2.94768729168887,5.49358170396058,-4.30035508788436,6.02576998890139,2.47935703132764,-3.15411185535522,3.29014895023381,-1.3610417347721,10.7219696451687,-2.054493513579,-2.96909616469889,11.6464214898845,-1.13531417817695,-2.97830173190272,-3.21684714979987,1.39290795836307,0.48551613585772,-2.00036398773802,1.87908748463333,-2.45341326658947,-0.782680524875458,-4.02895144591275,5.99041453966597,-3.49847214898863,6.64760940936532,-4.32648971149881,5.42566876636786,-1.87753983356246,0.112313359470375,-2.43672982561209
