"","296-100-3","296-20-3","296-60-3","297-100-3","297-40-3","297-60-3","298-20-3","298-200-3","300-100-3","300-20-3","300-200-3","300-40-3","300-60-3","302-100-3","302-20-3","302-60-3","304-100-3","304-20-3","304-40-3","304-70-3","306-100-3","306-20-3","306-200-3","306-40-3","306-60-3","307-100-3","307-20-3","307-200-3","307-40-3","307-60-3","310-100-3","310-40-3","310-60-3","311-20-3","311-40-3","312-20-3","312-200-3","313-20-3","313-90-3","314-20-3","314-60-3","314-95-3","315-20-3","315-65-3","317-100-3","317-20-3","317-40-3","317-60-3","318-100-3","318-20-3","318-40-3","319-100-3","319-20-3","319-40-3","319-60-3","320-100-3","320-20-3","320-200-3","320-40-3","321-200-3","321-40-3","321-60-3","322-100-3","322-20-3","322-200-3","322-40-3","322-60-3","323-100-3","323-200-3","326-100-3","326-20-3","326-200-3","326-40-3","326-55-3","328-100-3","328-20-3","328-200-3","328-40-3","328-60-3","329-100-3","329-20-3","329-200-3","329-40-3","329-60-3"
"296-100-3",0,-0.856749535997761,-1.77809257560761,-1.38198288871474,-2.62187026553922,-1.63932413550244,-0.942210822059585,-1.24933602308901,-1.27087961265725,-0.507215798631685,-1.4575604687084,-2.20308429068772,-1.54394949894197,-2.17773158930996,-0.859139429009881,-1.66336570978027,-1.6256894736576,-0.976624889747511,-0.917333375509958,-1.25818587516486,-1.68534412714229,-0.703877043085198,-0.541820412346138,-0.902180863714745,-1.10592474580145,-1.78985586071823,-1.04847083279297,0.718505102336425,-0.854771890553907,-0.909376092906586,-0.772673070102209,-0.501142134979204,-0.872023639089744,-0.874213196799407,-0.883406192951464,-0.653373173007764,-1.28800514643294,-0.852991397615401,-0.647372593079333,-0.760903635934235,-1.05266521355211,-1.78286520776138,-0.904095268631053,-1.86405065183066,-0.44270341356369,-1.67271011281615,-2.02103955754095,-0.815660204817426,-0.262366132847235,-1.13996677641049,-2.24385798283572,-0.738459301239576,-2.32296543964258,-1.42200858764288,-1.03910270766849,-1.58241054530018,-0.79602504349261,1.45943546987952,-2.23908022581446,-0.438324416299509,-1.5269953161604,-2.20190760613555,-0.532183608156088,-1.54042791983429,-0.678285118488638,-2.15037024799021,-2.2996367099653,-1.47160972504315,-0.89833717719897,-0.560596965695916,-1.81337007686452,0.144324985978205,-1.97972395309071,-2.03136654419296,-1.56013796123442,-0.319750532918514,2.58169085314832,-0.625397640993047,-1.088130607356,-2.13754399006542,-2.35732567109631,-1.62894665334954,-2.74477999475182,-2.17940594925893
"296-20-3",-0.856749535997761,0,-2.48646392248582,-1.76009816157872,-1.40707227332921,-1.02656432561774,-0.560857994034992,-1.91255195623423,-1.1236483169238,-0.565934176626693,-1.3372719654553,-2.48409155584559,-1.64730600637045,-2.26584082595406,-0.758698282321025,-1.69490624008693,-1.72188821302786,-1.16066449582062,-0.933640734420361,-0.801203020849116,-1.92825462572093,-0.775439537476964,-1.00973614234126,-0.883756184573827,-1.20677161932252,-1.80582921850509,-1.21969042860564,0.278173362288048,-0.917114610495882,-0.987783656604541,-0.686944798776969,-0.502968889797606,-0.718097302146456,-0.906437593207607,-0.828799126575455,-0.599643237175217,-0.854416820175231,-0.948630582458687,-0.680774366586779,-0.704413693220339,-1.10828478662545,-1.99041140543711,-1.00991393405622,-1.60075370143191,-0.374851900046692,-1.70829647575362,-1.56778874626608,-0.50635350819175,0.0558457259644264,-1.09205707075739,-2.108362330376,-0.492467107983954,-2.51893943493087,-1.53753261562301,-1.05323743815579,-1.54432458515604,-1.00144390874612,1.75943781299323,-2.37061741037005,-0.329236687213502,-1.37166215598079,-2.52610835675464,-0.950119315442123,-1.4843773095188,-0.741272918684328,-2.45129727412015,-2.55028387113521,-1.80135757298356,-0.997306075950231,-0.624669979063427,-1.76172184531394,0.831382694612952,-2.10823613276716,-1.748557928276,-1.71762052020031,-0.169991850787047,2.24497375455157,-0.52208267618025,-1.28970220919587,-2.28597817592422,-2.86117464596575,-1.75120389589584,-3.31462815245726,-2.55847288867155
"296-60-3",-1.77809257560761,-2.48646392248582,0,-2.32467227035787,-2.26411044260556,-1.58406880417281,-1.86140034932497,-1.2206491175961,-1.61488784684289,-0.475742541318398,-1.03020604224747,-2.86203066749065,-2.07117979789392,-1.22081951426747,-0.695660565900962,-1.2684481420793,-1.96903578193352,-0.926925772712288,-1.18385628081617,-0.82480599871109,-1.73886716526522,-0.57295263461684,-0.0349422375239467,-1.08257187782101,-0.947668813268435,-2.08112809138184,-1.04819218388136,0.453741636448118,-0.806833833466736,-0.802322372058,-1.03600364077691,-0.904198430450794,-1.1177594381842,-0.822099703054758,-1.14942435179358,-0.498016369909077,-1.24770124727627,-0.805759126221626,-0.566083572174162,-0.868661766694618,-0.993062869642119,-1.42766419601554,-0.858739155322206,-1.99120877470093,-0.287611194761013,-1.55825767541036,-1.87975822788633,-0.601786262996681,0.0420625592782061,-1.39341607551714,-2.44252078275237,-0.489948512417184,-1.8367869072835,-0.78951290751321,-0.991495578740533,-1.40903315513465,-0.665731832372156,0.988142670930067,-2.33922081750801,-0.236222420673819,-1.06395545746659,-2.74424616722952,-0.952276556206064,-1.91981915030359,-0.621074751136539,-1.9926497130201,-2.60445460137396,-1.72511077897212,-1.1936059156558,-0.852142255797122,-1.43699002893127,0.515120507792085,-1.92543525280065,-1.88172958954832,-1.79987199423904,0.437371427199653,1.53887855605128,-0.321375934780325,-1.233864151127,-2.1666397854114,-1.62732804564943,-1.6297795491508,-1.77619931178046,-1.50207569725278
"297-100-3",-1.38198288871474,-1.76009816157872,-2.32467227035787,0,-1.93570303449795,-1.62519164026617,0.176258269639411,-3.34869790398789,0.368833912979888,0.298952243588081,0.885681563196577,-1.92048004256222,-1.32723620756119,-1.22205355470578,0.670043280542722,-0.647125930201201,-1.05741976739477,0.703851634506798,0.615709234399167,-0.973944616844994,-1.29469262548041,0.794877147893596,-0.672841367065062,0.511599055442155,-0.551237442802265,-1.31211757497762,0.487063643842557,0.997145550341173,0.540494121056121,0.409499709473854,0.467561959873359,0.687574583245828,0.38592755942463,0.83680003108445,0.491641018433551,0.978768881892296,-0.0243389951626235,0.744753574017307,0.510946122517403,0.610122956071349,0.575152270116007,-1.04052747166826,0.862134920346416,-1.19130644901575,0.475810016829942,-0.705122688170835,-1.05001680220261,0.015199395892465,-0.448832741786641,-0.41339405469045,-2.00455002644342,-0.392383388958985,-0.35282559765497,0.0850226286386352,-0.242807456499737,0.0220713140491629,1.27091640232872,0.739696762740578,-1.01105669792937,-0.230504696005742,0.296662903450337,-0.734644999821349,0.0370539743110384,0.152209947053485,0.139495464524511,-1.1737035777372,-1.17911785457092,0.0297645424294483,-0.392248202658581,-0.230459815579142,-1.0071830677592,1.10201540157872,-1.37386457971072,-1.49423835033433,-0.334138781304602,2.56981706179501,0.408030347403333,1.80022654261358,0.234975218881106,-0.583657490275334,-1.0047039084118,-0.256005479745475,-0.815688616068028,-0.409329922501766
"297-40-3",-2.62187026553922,-1.40707227332921,-2.26411044260556,-1.93570303449795,0,-2.5249572195591,-2.21052965466919,-1.90786159591622,-2.02098478527525,-0.395214809586996,-2.65762519492748,-2.60440991373405,-2.47275289286044,-2.10623218779533,-1.46009569592435,-2.60655494638594,-2.55847132681576,-1.9205345630243,-1.89243803666598,-0.667582523007945,-1.64743946555813,-1.79808630409668,-0.96082750292784,-1.36554647069565,-1.46564177970772,-1.86484947364316,-1.67531923946418,0.365052940798228,-1.30268017690078,-1.40397778043238,-1.53638438793944,-1.18153889076727,-1.3585990210933,-1.82997866258856,-1.63086100579222,-1.45261882729055,-0.532117054651184,-1.53658096756251,-1.07312655557883,-1.13263375169607,-1.53096230246275,-2.58165717342677,-1.58918675519359,-2.22482577840523,-0.287472577939632,-1.70953687912316,-2.13135362285208,-0.706430628301332,-0.429305701256834,-1.70290553362014,-3.13113382810026,-0.658886815737766,-3.26783408679934,-1.06665976685377,-1.19001878078373,-1.28947432960448,-1.84728754630431,0.884618540471388,-3.01024591218738,-0.474800611430839,-3.00936605503713,-2.84635212441858,-0.647263404009956,-2.54085545565462,-0.422368584479903,-2.9763205210624,-2.75961002467826,-1.49416854394328,-0.694447835918735,-0.894495295113737,-2.67699560348098,0.840039572526098,-2.4144277768109,-1.87814623701532,-1.80008165655503,-2.12321468996093,0.773010631110036,-1.22110501092609,-1.6254575410179,-2.38008302346388,-3.34836808162954,-1.45814174691739,-3.40620498202103,-2.41221741897781
"297-60-3",-1.63932413550244,-1.02656432561774,-1.58406880417281,-1.62519164026617,-2.5249572195591,0,2.32175762177318,-2.00011610213057,-0.476155639278936,-0.605689741428101,-0.409607095172673,-3.36360777130143,-2.51624632445696,-2.72801763880181,-0.0773714764581828,-2.10548241477753,-1.8721022382491,-0.226665761696192,-0.131312436587436,-1.34632609966852,-1.99765022242051,-0.152073476857476,-0.724434672655558,0.177238112134451,-1.11513266168226,-1.69875781085978,-0.349415513089351,0.705744350389822,-0.139657953540696,-0.302865421159951,-0.0153418160355498,0.257442277629386,-0.0447745844850251,-0.0612338781337286,-0.120619729584462,0.312866853575945,-0.707059608380709,-0.0370640513336033,-0.11877507941193,0.177432176826364,-0.169242451699688,-2.43035846863033,-0.0535380813017032,-2.50008310491023,-1.37697363805817,-1.13463236178403,-1.3751185994029,-0.760955528534268,-1.89387405420246,-1.32259698268503,-2.95448102711762,-2.04558226888827,-2.90559390167695,-2.2340221714957,-2.3512869476278,-2.2761873524196,-0.0916379989024247,0.0643782803526864,-2.72748579953022,-0.975540037435997,-1.34885397057407,-2.81319042420756,-1.95087846162153,-0.685653825993046,-1.28320366801716,-2.64017368570533,-3.1498551193179,-2.31288825844731,-2.25012346212192,-1.88529309337022,-2.22007659626523,0.389678441813562,-2.48900191608212,-2.12831191543981,-2.15292500503283,1.81428542736471,-1.03376466099279,0.208348953185704,-1.57515512732557,-2.56581698752505,-2.75697665013732,-2.30062520817496,-3.03272213404884,-2.59651914494595
"298-20-3",-0.942210822059585,-0.560857994034992,-1.86140034932497,0.176258269639411,-2.21052965466919,2.32175762177318,0,-2.22397012314035,-2.60581220015772,0.140532875734898,-3.2131004287472,-2.19089387347729,-2.87422599148049,-1.14802673671715,-2.06786366574286,-2.25439779621376,-2.28218275066863,-2.35084362109289,-2.32343746773479,-0.60996902194232,-2.12369112118623,-2.40432968232703,-0.874317253723743,-2.16350434292861,-2.15082633862708,-2.33210545272516,-2.45770564681296,-0.166498486965298,-2.26417168254514,-2.2388447602501,-2.20110406641849,-2.12008938305577,-2.10063850950595,-2.52876485805569,-2.44410768595523,-2.21701009650921,-0.725186227085024,-2.37936303142849,-2.06172465652762,-2.0770840340948,-2.43086422032099,-2.5230241678653,-2.3694414532627,-2.39701163146344,0.132742108047229,-2.21849857994942,-1.90949570802729,-0.940295374824466,-0.415687627410499,-1.77322884572272,-2.81174075416185,-0.904054674751787,-2.39687941968521,-1.64650232867087,-0.172380845949583,-1.08308589364719,-2.38883990794434,4.78249466857727,-3.31574703197423,0.268390820497344,-2.42867055211653,-3.43199642778174,0.096253496386782,-3.96939406888527,0.251933113538619,-3.73521112275576,-2.49804123058825,-1.30864878722076,3.32464102107432,0.739818699723361,-3.9917243483069,1.21119246854437,-3.26989640180718,-1.55909629486041,2.95620800818259,-1.20950982847994,7.41122343768588,-1.16109237314601,-2.65094888649346,1.495356052142,-1.58109388200008,-0.694365282413821,-2.12382602156193,-2.12345887193857
"298-200-3",-1.24933602308901,-1.91255195623423,-1.2206491175961,-3.34869790398789,-1.90786159591622,-2.00011610213057,-2.22397012314035,0,-1.20999072813626,-1.79536065203505,-0.37194498016434,-2.93110218146902,-1.45326475976983,-1.00739339378955,-0.219063619869513,-0.331689127321892,-1.72253271847282,-0.201301848364209,-0.76572831646033,-2.33097994779954,-2.08676604778816,0.0457791944928814,-1.09881280183122,-0.796756350919707,-0.311383667288836,-1.9353178651332,-0.373885890219499,-0.064408235050657,-0.162376290143492,-0.186145368866207,-0.640549306848095,-0.519065626047267,-0.736962911066862,-0.0874672394902794,-0.873977151825911,-0.163535657474338,-2.03762647334823,-0.150048783513238,-0.0516256030837154,-0.281236619743725,-0.333299367189985,-0.838311478627386,-0.0693524867137166,-2.17304383538608,-2.2377148205668,-1.22183770803981,-1.75261179254751,-0.495600031199056,-2.57094298942611,-0.762082288523195,-2.42758388532251,-2.67311760107282,-0.832971891896663,-1.88653151231763,-2.6917059290607,-2.82829353369413,0.0929104047009271,-0.614755712182369,-1.06271812938018,-1.02387686610264,-0.617433703550761,-2.05780213898805,-1.76955184544477,-1.38822568090566,-1.60984517532771,-0.525252736557466,-2.00993258329435,-2.18567859482933,-2.15542865641011,-1.77953839196411,-0.591073100947277,-0.532721142771227,-1.27111004367128,-2.21043746277554,-2.41517555237534,0.394805734166749,-1.31452502505263,-0.66437622075623,-1.29108944347781,-2.48866776253432,-0.419374625000086,-1.53948572795879,-0.607360500697666,-1.20752830348196
"300-100-3",-1.27087961265725,-1.1236483169238,-1.61488784684289,0.368833912979888,-2.02098478527525,-0.476155639278936,-2.60581220015772,-1.20999072813626,0,-0.535333328265837,-4.20241172817198,-1.65014983083801,-2.68553899562032,-2.67920799052281,-4.06137004921173,-4.0351811415748,-4.71604241515876,-4.64881879092426,-4.38039882681842,-1.60201087667243,-3.40275107176244,-2.92471017605485,-0.642937966010741,-3.87528283969549,-3.62841600036824,-3.56116223354644,-3.69504785724255,-0.298129630908646,-3.6158659490181,-3.81214063455032,-3.69474570057524,-3.18637985714637,-3.94313254218479,-4.01540543419038,-4.18300544808912,-3.5688740577159,-1.29030663411487,-3.41896055340547,-3.60116005910539,-2.85116368526783,-3.77793624846165,-3.96221358630671,-4.34115457694285,-3.4541449036317,0.429071055759241,-3.14980862706949,-2.39035060070049,-1.34687645839872,-0.63205773126807,-0.991945805431722,-3.09130000027139,-0.295574754411202,-3.67498372127468,-2.33518897089268,-0.572006686418979,-1.17896390404195,-2.86911560733945,6.96178909473673,-3.71091944831792,1.07350058128249,-4.73706230736676,-2.72314541887134,0.224495560169343,-4.76364085045434,0.476098575110409,-4.29888892573864,-1.95351403792115,-0.1628676526245,1.28222490514355,-0.125254731360424,-3.77467776019374,0.899938677672994,-1.54200384950916,-1.37331492915749,-0.458887834175445,-2.45396141158912,10.5495491788512,-2.29315839821682,-2.31971286711113,-0.539331347292166,-2.4173085310743,-0.798084932567616,-2.34077708109753,-2.46437118619345
"300-20-3",-0.507215798631685,-0.565934176626693,-0.475742541318398,0.298952243588081,-0.395214809586996,-0.605689741428101,0.140532875734898,-1.79536065203505,-0.535333328265837,0,0.738703074706624,-2.03791064486509,-1.18498746801652,-0.35306802340027,0.172075161901263,-0.635363064717261,-2.06467519689199,0.0588132750105511,-0.415149976558762,-3.13128456743103,-3.0220762150707,0.76355434253677,-3.19599935382454,-0.375891682448516,-0.603360013098411,-2.90871068158388,0.378980179340701,-3.22737411665293,0.491335500402069,0.247309491328133,0.249686961361783,0.272957735238506,-0.317449713094222,0.415084513056637,-0.314702065286002,0.731738949132618,-4.19870342200854,0.397920431065613,0.141741091462402,0.0612395290426826,0.139390131283006,-0.608055511066596,0.352221725192263,-1.95796602492711,-3.19541160772671,-0.895862098094481,-1.39267158306363,0.414454080487468,-1.95871740470806,-0.362750028053439,-1.66553755407548,-2.83158015872637,-0.0418938301498494,-0.697424145149491,-2.63003093444768,-2.9017682648297,1.74726059334057,-0.580524405358162,-0.905891595205896,-0.115632009183164,2.03090669154626,-1.4773271858851,-1.30037352841128,0.0648251574276457,-0.140686091062142,-0.45848109186921,-1.66432644731415,-1.56818129623625,-1.10908306337295,-1.51765772276661,-0.499679194427117,1.26651197386103,-0.784109790959752,-2.0982188240309,-0.947017190660445,1.47840412827259,0.6886158326409,0.420359455301757,-0.738698540723929,-1.31931297366951,-0.347432648726892,-1.29554706253563,-0.193478559023847,-0.0188032132422188
"300-200-3",-1.4575604687084,-1.3372719654553,-1.03020604224747,0.885681563196577,-2.65762519492748,-0.409607095172673,-3.2131004287472,-0.37194498016434,-4.20241172817198,0.738703074706624,0,-1.08042267317705,-3.29875966664092,-2.44493932253499,-3.93146354881268,-4.25254351709888,-4.60144187350775,-4.93790695059084,-4.36316550471331,-1.5000448157662,-3.5481523482827,-4.01882661790992,-0.714911997869561,-4.49853546335569,-4.0256112534652,-3.32172650102803,-4.40391499349378,-0.100892246240625,-4.04068090825005,-4.3996111228769,-4.40316855772807,-4.25467582245138,-4.34320083313055,-4.85393924685409,-4.8653447986008,-4.40880078166224,-1.18219453775502,-4.67941011177346,-3.39563603716593,-3.54182809885048,-4.38819383450362,-4.35776110146823,-4.91810110856294,-3.15686065695339,0.273329174955247,-2.89307923491227,-3.82612573442143,-1.50453036728438,-0.616759943256458,-1.98426578366623,-3.55540420451245,-0.506916412109143,-2.58707528749125,-2.63741844337684,-0.41289147663056,-1.28626160439483,-2.02985919898617,6.83345661602978,-2.2027217920678,0.439374447983399,-3.73591098584981,-1.04178159663571,1.54618919456438,-3.23837875675394,1.97113974535989,-2.76867694535523,-0.118075148029827,0.501972230700446,2.86004179191623,0.424039832146923,-2.87604268566508,1.23310280637863,-2.27461827269774,-1.94635566306459,0.214788420182053,-2.87156150846197,10.7280595599077,-2.27405168930061,-2.52723103368605,-0.481177668952285,-2.90595722189262,-1.06567565270315,-2.53965072106257,-2.73958121412585
"300-40-3",-2.20308429068772,-2.48409155584559,-2.86203066749065,-1.92048004256222,-2.60440991373405,-3.36360777130143,-2.19089387347729,-2.93110218146902,-1.65014983083801,-2.03791064486509,-1.08042267317705,0,-3.27366995490762,-3.9633394190488,-1.33871190907552,-3.04435763805362,-3.39777576174062,-1.96839127893415,-0.761710744049077,-2.90143446724217,-4.07661237593423,-1.47076934315917,-1.98614231305421,-1.58122139967985,-3.51459690500453,-4.35822016443572,-2.3025504472551,-1.38115428925989,-1.89413023085181,-2.83819693947274,-2.10750543417858,-1.90972935739018,-2.20094978044988,-2.38387877092405,-2.43977108681417,-0.746009953808581,-3.09788330467385,-2.15711608481871,-2.22339697892665,-1.00138006380074,-2.60991734087593,-4.3277084846375,-3.04602530880257,-4.10796882609063,-2.49892257336972,-2.11144626437569,-1.11822652854023,-0.715045625341937,-1.67655265656858,-0.7682745911607,-2.9084888010564,-1.75390650907994,-3.57566851699394,-2.78506744675653,-2.65427982504726,-3.29795066831983,-1.07050600240104,2.97551614984078,-3.25434288697434,-0.354722885013683,-2.60497038734885,-3.36294917640129,-2.15400708457248,-2.07582850680245,-1.81144912554889,-3.13478708859777,-3.50239568958852,-4.16267370625968,-2.20789489352107,-1.77256209194627,-2.79618148240605,0.301664430005859,-3.56472402743097,-3.82832440396849,-4.14568479332533,0.21294477285783,5.57655861730519,-0.392170070802947,-4.13234440413169,-4.55649656973884,-3.0457825641194,-2.62330715683629,-2.82211478930497,-4.07212595716842
"300-60-3",-1.54394949894197,-1.64730600637045,-2.07117979789392,-1.32723620756119,-2.47275289286044,-2.51624632445696,-2.87422599148049,-1.45326475976983,-2.68553899562032,-1.18498746801652,-3.29875966664092,-3.27366995490762,0,-3.59129156836117,-2.47650947746617,-3.73414263811895,-4.25309042168875,-3.58105830842775,-2.73258237975608,-2.14416531962034,-3.88320997708083,-3.02587239611633,-0.528593342247103,-3.6105232392807,-4.07726698850297,-3.88872953211345,-3.46074671396608,0.0506885665367119,-3.24475750584415,-3.57885859916317,-3.82512902210442,-3.76091843772753,-3.45189340639791,-3.95854692003639,-3.90609826136971,-3.23133900370251,-1.85408028674094,-3.67101113011729,-3.3401401564463,-3.07857479654813,-4.04059851696239,-4.38794564661561,-4.17410701705619,-3.7033812927752,-1.29423135063411,-3.18760103267166,-2.75088834125288,-1.20462646266854,-1.77513815145822,-1.46501951102904,-3.37385253442963,-0.745133598686729,-4.12719893199306,-2.95581165353475,-1.87215567836478,-2.11699988811365,-2.72983787006139,5.35528378904543,-3.50374783642942,-0.291810268390183,-4.40504904228431,-3.10259405709967,-0.814689370261422,-4.4835835739981,-0.772977029133451,-4.00523993104947,-3.15640646197833,-2.40405356121694,-0.879095272890725,-0.374427039543173,-3.73227890055017,0.442448409859585,-1.89739437547502,-2.48902492635704,-2.69582338651389,-2.37306623736729,7.91403565139711,-2.26942493579306,-2.78554556907475,-2.16493940470422,-2.83685537600447,-1.47343077463027,-2.43741975597021,-3.01238220089202
"302-100-3",-2.17773158930996,-2.26584082595406,-1.22081951426747,-1.22205355470578,-2.10623218779533,-2.72801763880181,-1.14802673671715,-1.00739339378955,-2.67920799052281,-0.35306802340027,-2.44493932253499,-3.9633394190488,-3.59129156836117,0,-2.53466870348316,-2.8593064117851,-3.07270299786639,-2.37808327203707,-1.47099222693875,-2.59388859870527,-4.37304434107696,-2.52716649302186,-3.15869475591602,-2.48776793601682,-3.24444492684262,-4.75144697740038,-2.95328025822633,-3.47114646126619,-2.52067573721868,-2.98495769057297,-2.59458113274771,-2.39684701338701,-2.4679007875541,-2.68506976827975,-2.54029489899647,-2.1420423457937,-3.12365286992671,-2.37873530137155,-2.51538409967189,-1.88136694733194,-2.78933601804836,-4.26187043799376,-3.0095368828867,-2.8278546857432,-3.35470745155893,-3.10453393602469,-2.19522734517651,-0.500616812472808,-2.9626649357874,-1.8514763034088,-3.29118093596677,-3.02239722107542,-2.669114350395,-3.06530477116392,-3.33008453002926,-3.53563698056734,-2.05736256361116,4.43497086844634,-3.51068801114437,-1.32350287898263,-2.44411513704886,-4.04806840999938,-2.51645647474411,-1.66031345938313,0.533011194955285,-1.93931181213872,-2.84088285102162,-3.23449997779274,-0.151484352912946,-1.96082535192275,-2.6491011690652,-1.18165588506452,-3.26767619427598,-3.6889962618811,-2.55971563304283,-0.616500175795924,9.32854251431439,-0.610322165482397,-1.72042812191011,-2.61952170947134,-1.71177917035772,-2.45919853252401,-1.7110487572949,-2.36994639882038
"302-20-3",-0.859139429009881,-0.758698282321025,-0.695660565900962,0.670043280542722,-1.46009569592435,-0.0773714764581828,-2.06786366574286,-0.219063619869513,-4.06137004921173,0.172075161901263,-3.93146354881268,-1.33871190907552,-2.47650947746617,-2.53466870348316,0,-3.13874990786771,-3.31063880277718,-2.69143652782172,-3.26042222981137,-1.42679096720407,-3.4774783927224,-2.46830069500529,-0.628952144900563,-3.11874224288609,-3.11576963542958,-3.20077865362775,-3.62865024277336,-0.441339916523147,-3.5325257121203,-3.58079666748718,-3.35294128940289,-2.79492219176566,-4.07113145635266,-3.68904099067396,-3.99226540017914,-3.73922979963271,-0.577949211046086,-3.22650968092434,-3.42730885306885,-2.88383217492055,-3.30908939102514,-3.63238750075017,-3.35213164778653,-3.03845199590734,0.581354938811823,-3.2512040281411,-2.9025563576338,-1.22348082922876,-0.442916937513564,-1.15869813154377,-3.26738179077696,-0.0595895829767172,-3.25438294320585,-1.84614857347289,-0.451272498606269,-0.925187154740276,-2.83958213924915,6.60254262753997,-2.83635016077447,1.91572763801035,-3.6599457789742,-2.48682352641127,0.0288866425227159,-3.384799685264,2.16601863262009,-3.27975964610006,-1.79312674236768,-0.599170093767455,1.31716357208806,-0.377393600066481,-4.02822576564624,0.544138071804196,-1.79404104276181,-1.73986527684178,-0.46219344220935,-2.22227981794777,8.93641954435914,-1.73315352307915,-1.42603029280113,-0.487198136427683,-2.20063877267009,-0.736360763214852,-2.07876631794463,-2.13399670457195
"302-60-3",-1.66336570978027,-1.69490624008693,-1.2684481420793,-0.647125930201201,-2.60655494638594,-2.10548241477753,-2.25439779621376,-0.331689127321892,-4.0351811415748,-0.635363064717261,-4.25254351709888,-3.04435763805362,-3.73414263811895,-2.8593064117851,-3.13874990786771,0,-2.57404217381509,-3.16725973792516,-3.34582077282644,-2.0207892290181,-3.45871654961147,-2.96420346630692,-1.52103184626132,-3.20874463486816,-3.09100620346998,-3.02762083312666,-3.30823588514131,-0.796553324385221,-3.27450317617352,-3.30835295620185,-3.40285581072494,-2.91725220067581,-3.44494522232128,-3.30380200105543,-3.35106029956173,-3.14733781013622,-2.04956166022085,-3.2556293703644,-3.41953538704855,-2.86116863191258,-3.18182254061391,-2.9654770435617,-3.45159787555085,-2.67446717602401,-1.43751058570396,-2.2878058824132,-1.80684836854426,-1.51374892868362,-2.30921161370998,-1.43660199043695,-2.3822171120702,-1.08393657955083,-3.3899290544187,-2.88374791221879,-2.34709867200461,-2.51393927226498,-2.63820373901633,7.99591965231434,-2.62832706592545,-1.34486412981158,-3.57067403273888,-2.54086944278971,-0.928164898411304,-3.13360549810223,0.0990913212707801,-2.45302512588441,-1.94171945129154,-1.70546283966208,0.404903701882191,0.326974811285126,-2.51585884005618,-0.426485183152059,-2.28326204997428,-2.07129687361566,-2.50974435908118,-2.87682625492244,12.597164077798,-3.00752171569395,-3.25480815975624,-1.95438651104094,-2.63752494123328,-1.67754707101796,-2.33338678598651,-3.13102107653952
"304-100-3",-1.6256894736576,-1.72188821302786,-1.96903578193352,-1.05741976739477,-2.55847132681576,-1.8721022382491,-2.28218275066863,-1.72253271847282,-4.71604241515876,-2.06467519689199,-4.60144187350775,-3.39777576174062,-4.25309042168875,-3.07270299786639,-3.31063880277718,-2.57404217381509,0,-3.14848809722274,-4.11479604588508,-2.13422040025382,-3.43553070783397,-3.19547701005276,-1.82436847115551,-3.48442890895442,-3.55186649900482,-3.36927207408283,-3.41905791373766,-1.29135450676053,-3.46251725542595,-3.32091112453125,-3.59109931135134,-3.0456453999979,-3.38287950324675,-3.39256492671186,-3.32725482268598,-3.43601363567244,-2.59586288939807,-3.34226921466491,-3.81524786935746,-2.90843225337441,-3.31706131691386,-3.2041791067858,-3.59705306410962,-3.88575368403895,-1.51062648937907,-2.89973941950547,-2.32770459261363,-1.52366038927727,-2.30584205853715,-2.00786666232509,-2.77589543833444,-1.17027776290394,-3.20500153329812,-3.04801219866804,-2.32749239065062,-2.55662069593146,-3.25325069406443,7.3286015520417,-2.76600642198989,-1.25860555920899,-3.56527068873273,-2.60495125167973,-1.25515635408371,-3.17484091148961,-1.81946690975135,-2.93497920751006,-2.32931735963454,-1.88169384964107,-0.777928525291768,-0.0879275073343951,-2.49391015307509,-0.82305467800914,-2.34100779777732,-1.85708468784,-2.62592756417205,-3.13003587295271,11.3355360167287,-2.97102451210105,-3.17494537153137,-1.81359767044588,-2.44622963505753,-1.71118047409841,-2.28399891028232,-2.87269364986534
"304-20-3",-0.976624889747511,-1.16066449582062,-0.926925772712288,0.703851634506798,-1.9205345630243,-0.226665761696192,-2.35084362109289,-0.201301848364209,-4.64881879092426,0.0588132750105511,-4.93790695059084,-1.96839127893415,-3.58105830842775,-2.37808327203707,-2.69143652782172,-3.16725973792516,-3.14848809722274,0,-2.67226322370531,-1.37374734741946,-3.36234640679062,-2.5033051553627,-0.331879363486279,-3.01401677544392,-4.09749936595937,-3.06821401272465,-2.98616692321696,-0.116534597981807,-3.19777209547591,-3.05494868478385,-3.58700670137905,-2.59224875114622,-4.25880135175669,-3.07122005679184,-3.10067258961841,-3.19753826860782,-0.944396012597041,-3.09863931818494,-3.8837989916723,-2.69824914544524,-2.97762006094767,-3.51010990867451,-3.23794582095305,-2.99433624254747,0.741286623441183,-3.39432850395146,-2.81792928586276,-1.28798375538891,-0.50797570211543,-1.90174715353088,-3.42490672137188,-0.0476744447517463,-3.32229303019464,-2.0811102559391,-0.51103181532319,-0.938733863206316,-3.83959739926772,7.1024224135464,-3.47208614150894,1.73094156871871,-4.17680027995102,-2.70538429270768,0.164113897505778,-3.955273015395,1.99041605987792,-3.68015195136663,-2.02932816423433,-0.506327539850578,1.56630469176471,-0.356994019840674,-4.21583150924663,0.751864814840894,-1.86710822157299,-1.6592143173739,-0.28058539243028,-2.44462254330978,10.1061047598127,-2.20074697942523,-2.10000580804786,-0.598806930019867,-2.43902423447703,-0.693743175106949,-2.27988123583896,-2.54211014897246
"304-40-3",-0.917333375509958,-0.933640734420361,-1.18385628081617,0.615709234399167,-1.89243803666598,-0.131312436587436,-2.32343746773479,-0.76572831646033,-4.38039882681842,-0.415149976558762,-4.36316550471331,-0.761710744049077,-2.73258237975608,-1.47099222693875,-3.26042222981137,-3.34582077282644,-4.11479604588508,-2.67226322370531,0,-1.08567059218636,-2.76559692089592,-2.31607063025372,-0.113966341910739,-2.73325749249506,-3.68807754087147,-2.71522008890262,-2.8875632291505,-0.02293986294001,-2.97056633359022,-2.73034677094383,-3.99936514988261,-2.36958186243548,-3.84461137857075,-2.94838750202935,-3.05502295033733,-2.95536505342533,-0.651768438797068,-2.6730473165626,-3.2688958854094,-2.23847611758492,-2.56057901134859,-2.9870369000531,-2.83067413064127,-2.73720232333306,1.11044535367575,-2.71073610969573,-2.24020085439988,-1.19021859655404,-0.355743345866675,-1.17781599674009,-2.80434826835958,0.114972871092502,-3.0037494116359,-1.88355328591758,-0.434993620821682,-0.740260150242432,-3.25653187085439,7.35030369785695,-2.94246164575698,0.869829026628914,-3.7091008347642,-2.00426423335779,0.365471185714292,-3.68455297962435,0.659611341540998,-3.28030970359556,-0.761603693845258,0.848862823857749,1.3666233648251,0.0510469006820365,-4.01533256495171,0.813712521783351,-1.59217352320862,-0.916950874678341,-0.0362075756468757,-2.40772145513992,10.6497008438609,-2.18063519600074,-1.99665047855717,-0.314378943859595,-2.36668521359516,-0.609837565736779,-2.22820278568606,-2.52216184462081
"304-70-3",-1.25818587516486,-0.801203020849116,-0.82480599871109,-0.973944616844994,-0.667582523007945,-1.34632609966852,-0.60996902194232,-2.33097994779954,-1.60201087667243,-3.13128456743103,-1.5000448157662,-2.90143446724217,-2.14416531962034,-2.59388859870527,-1.42679096720407,-2.0207892290181,-2.13422040025382,-1.37374734741946,-1.08567059218636,0,-3.59368847526606,-1.36717437347719,-3.71563693754839,-1.3702257821423,-1.85230492041345,-4.82224336499315,-1.41340890247313,-3.44364074865473,-1.2581537287167,-1.60984341979374,-1.3473064991128,-1.09357253857594,-1.45397259628548,-1.43391983692945,-1.38097614718988,-1.21848448074284,-3.73212612884975,-1.27021445481511,-1.39642142806383,-1.18044944905373,-1.77717823724137,-3.51466152616724,-1.58766968561769,-2.28628337931208,-2.90342685246955,-1.76779938915049,-1.59647337275245,-0.0149101058439325,-2.48764380743707,-1.00099537398425,-2.68431671673316,-2.75953282940547,-1.77967261906399,-2.36822304439224,-2.5375047600285,-3.15446513610852,-1.34660259025241,3.05919409670624,-2.31870937734324,-0.905707423925841,-1.48200132189594,-2.87347721395144,-1.82087761094469,-1.09258611299384,-1.60326791194168,-1.28017944096761,-1.93233386625582,-2.713843312743,-1.53878400632164,-1.94249508339448,-1.30325948236778,-0.7825532330895,-1.73305470119941,-2.79743614847573,-2.31210740424353,0.334946190651789,7.94722311259695,0.250189553860198,-0.96301056353736,-2.64789340008835,-0.888778831664242,-2.0812991103859,-0.986717747079736,-1.35242605358432
"306-100-3",-1.68534412714229,-1.92825462572093,-1.73886716526522,-1.29469262548041,-1.64743946555813,-1.99765022242051,-2.12369112118623,-2.08676604778816,-3.40275107176244,-3.0220762150707,-3.5481523482827,-4.07661237593423,-3.88320997708083,-4.37304434107696,-3.4774783927224,-3.45871654961147,-3.43553070783397,-3.36234640679062,-2.76559692089592,-3.59368847526606,0,-2.90586056683193,-2.83408986177594,-3.64047125292824,-4.61143215493944,-2.88872309591026,-3.30095460446816,-1.95613941944221,-3.0169522126456,-4.02041908498293,-3.34863678015173,-3.18401614430945,-3.75010517206704,-2.95136870731854,-2.97748613838793,-2.75866133783068,-3.65213829531035,-2.95293277300863,-3.84951899069289,-2.87971875150601,-3.56912405114759,-4.65378380299229,-4.13883158796783,-3.70787093228607,-2.83252258505236,-2.994804129383,-2.57874694418192,-1.32542594288951,-3.78282641162396,-2.0257291743049,-2.97203153201833,-3.41858655233022,-3.36829050493945,-3.43992775731355,-3.99716884199672,-4.02530729564888,-3.03586363029107,4.68813281315142,-3.74283587871475,-1.85163826394791,-3.38411211072749,-3.83074109982883,-2.42184038728762,-2.65310383074237,-3.05871846255456,-2.75345554297847,-2.7087452894624,-2.61852028737158,-2.29618007738531,-2.134876876649,-2.44472779374969,-1.79312373239596,-2.29251837597324,-2.96330849700731,-2.87696002334885,-1.97107428778321,6.45963141529647,-1.65986674382779,-1.86046973185152,-2.71206385289582,-2.38414133770758,-2.63699038924394,-2.08548888387136,-3.29552188780304
"306-20-3",-0.703877043085198,-0.775439537476964,-0.57295263461684,0.794877147893596,-1.79808630409668,-0.152073476857476,-2.40432968232703,0.0457791944928814,-2.92471017605485,0.76355434253677,-4.01882661790992,-1.47076934315917,-3.02587239611633,-2.52716649302186,-2.46830069500529,-2.96420346630692,-3.19547701005276,-2.5033051553627,-2.31607063025372,-1.36717437347719,-2.90586056683193,0,0.143669463181484,-1.17606749443039,-1.65956616749214,-3.05053318145851,-1.03472137993297,0.27884533467447,-1.37425564657215,-2.26837924777987,-2.73447205794483,-1.40618116403945,-3.67350793310808,-3.84967123037485,-4.18998019154451,-3.66850269362004,0.336001633101748,-2.32114995886627,-2.21603301170168,-1.30020251439423,-1.65342038773099,-3.47927476707193,-2.84205712650498,-3.30729662698325,0.88179774064559,-2.24882691569534,-3.63809300969857,-1.0387949232215,-0.232596788282256,-0.520730713773524,-3.52801088019119,-0.0219703007135979,-3.35703964199244,-1.92924481682119,-0.259228528174696,-0.900625749292056,-2.53505075299459,6.01152619871782,-2.9516390397862,1.50193618534118,-4.18735324616227,-2.08989356725228,-0.0419789743042341,-3.26883559630942,2.63949274973088,-3.02436534570334,-1.61462056533582,-1.08352376444765,1.58833965045152,-0.665708301451443,-2.57288339186853,0.869693529201422,-2.14151879337713,-2.25250516945677,-0.61919007017007,-2.30928799030581,8.09394671858266,-1.87370221717163,-1.75863714571748,-0.676592727942307,-2.34310437473643,-0.300501410945976,-2.12896324209763,-2.12892451431646
"306-200-3",-0.541820412346138,-1.00973614234126,-0.0349422375239467,-0.672841367065062,-0.96082750292784,-0.724434672655558,-0.874317253723743,-1.09881280183122,-0.642937966010741,-3.19599935382454,-0.714911997869561,-1.98614231305421,-0.528593342247103,-3.15869475591602,-0.628952144900563,-1.52103184626132,-1.82436847115551,-0.331879363486279,-0.113966341910739,-3.71563693754839,-2.83408986177594,0.143669463181484,0,0.0308104038942489,-0.718949821912009,-2.74229013959408,-0.154636554819514,-3.26042694899478,0.0136234802439378,-0.261032463562605,0.302417481422736,0.438832938633797,-0.215413239114649,0.27497250083598,-0.239503757741644,0.0665487009329706,-2.40667532060267,-0.116959689321129,-0.356340920328013,-0.225286448659461,-0.551278756493322,-2.25798948683102,-0.3521700493769,-2.13257085535195,-3.52509845448401,-0.877841053136647,-0.987184395471402,0.511211077117126,-2.27723518251139,-0.0984344129613818,-2.14013373987008,-3.06060025255221,-1.3862288617973,-2.00905996464789,-3.44103214486977,-2.65876740254281,-0.482948715277829,1.1309926448497,-1.22698350723514,-0.476160797028319,-0.396015733316929,-1.69467131554456,-1.31069329591758,-0.661779752381014,-0.94910903392563,-1.02837286943355,-0.315516528323561,-1.86394098170585,-0.841071118113884,-1.8441776600974,-0.948434021796346,1.06281798835676,-0.423801221745568,-2.27019784089945,-1.05090782445667,0.462595856742303,-0.496184467677042,-0.253248953317118,-0.66511768269343,-1.40388709781637,-0.19464395366103,0.158738982457507,-0.936157919512525,-1.12647651134406
"306-40-3",-0.902180863714745,-0.883756184573827,-1.08257187782101,0.511599055442155,-1.36554647069565,0.177238112134451,-2.16350434292861,-0.796756350919707,-3.87528283969549,-0.375891682448516,-4.49853546335569,-1.58122139967985,-3.6105232392807,-2.48776793601682,-3.11874224288609,-3.20874463486816,-3.48442890895442,-3.01401677544392,-2.73325749249506,-1.3702257821423,-3.64047125292824,-1.17606749443039,0.0308104038942489,0,-3.45281277117715,-3.24913503295998,-3.30575776184592,-0.0024938647990478,-3.46786879481505,-4.74772600017988,-1.97557837883491,-2.1180435329066,-4.0438515549747,-4.56151589859243,-4.68946981752582,-4.29008876678244,-0.740049638078741,-2.37264069602126,-3.53138204913686,-2.49954563509294,-2.79430439914112,-3.75797748493779,-3.76261275784129,-3.32064388071408,0.595981251724511,-3.04262139931031,-3.3495012541469,-1.16693437552805,-0.533421502621543,-0.529359464118843,-3.27364125925722,-0.242742674820071,-3.21074347412441,-1.96492592034602,-0.54895778315603,-1.06431782704092,-2.89711637436467,5.33156403960876,-3.05028866238487,2.06472337487356,-4.12750552383781,-2.49345030093537,-0.115079414678927,-3.74445866611822,0.952863884450174,-3.46767966767567,-1.65394985066832,-0.807901714984531,0.879090196437995,-0.579829137789314,-2.65867438260792,0.340910282189301,-2.25970265903599,-2.33440256262307,-0.784724768933121,-2.52727739156513,7.57083994815454,-1.95885834025414,-1.86395016928974,-0.698405580062639,-2.35614064228427,-0.564187723446819,-2.20259383812278,-2.10334892570556
"306-60-3",-1.10592474580145,-1.20677161932252,-0.947668813268435,-0.551237442802265,-1.46564177970772,-1.11513266168226,-2.15082633862708,-0.311383667288836,-3.62841600036824,-0.603360013098411,-4.0256112534652,-3.51459690500453,-4.07726698850297,-3.24444492684262,-3.11576963542958,-3.09100620346998,-3.55186649900482,-4.09749936595937,-3.68807754087147,-1.85230492041345,-4.61143215493944,-1.65956616749214,-0.718949821912009,-3.45281277117715,0,-4.43638074982778,-3.60411568348569,-0.425097744496629,-3.38065719196379,-2.44083533405762,-1.78046595047821,-1.39179992278848,-2.40269496161438,-3.89627796701995,-3.90571853464569,-3.60136297369484,-1.46546228655266,-2.67798897903151,-2.31159955740256,-2.78229845966654,-3.40529943206016,-4.41460792916389,-4.41297735615689,-4.05982255584453,-1.25729044629355,-3.17219363884998,-3.02277785263898,-1.3262649220005,-1.40256681764126,0.933134827899328,-2.8871654981121,-0.617487674366642,-2.9806382871467,-2.30709090352962,-1.39366083160878,-1.7321293799512,-2.49790971180253,6.06991533279922,-2.80543812345035,-0.501632411063524,-4.01380551074566,-2.84053957370714,-0.9450011868538,-3.34765088028223,1.01740388963136,-3.07734619879651,-2.77297510798232,-2.3838783839856,0.106009176405867,-0.813681821520727,-3.58380478399668,-0.515227328859221,-1.83585455063629,-2.01278896066193,-1.87777223362433,-2.24604058248555,7.57579941257632,-2.02368923491539,-1.88675936301069,-1.42389728637114,-2.26942144744524,-0.93782571322962,-2.05029366673235,-2.27381398889698
