"","1_P1-100-3","1_P1-20-3","1_P1-200-3","1_P1-40-3","1_P1-60-3","2_P1-100-3","2_P1-20-3","2_P1-200-3","2_P1-40-3","2_P1-60-3","3_P1-20-3","3_P1-200-3","3_P1-40-3","3_P1-60-3","4_P1-90-3","4_P1-20-3","4_P1-100-3","4_P1-200-3","4_P1-40-3","4_P1-60-3","5_P1-20-3","3_P1-90-3","5_P1-100-3","5_P1-200-3","5_P1-40-3","5_P1-90-3","6_P1-100-3","6_P1-20-3","6_P1-200-3","6_P1-40-3","6_P1-60-3","7_P1-20-3","7_P1-40-3","7_P1-60-3","10_P1-20-3","10_P1-40-3","7_P1-105-3","7_P1-200-3","8_P1-100-3","8_P1-115-3","8_P1-20-3","8_P1-200-3","8_P1-40-3","8_P1-60-3","9_P1-100-3","9_P1-120-3","9_P1-20-3","9_P1-200-3","9_P1-40-3","9_P1-60-3","10_P1-100-3","10_P1-120-3","10_P1-200-3","10_P1-60-3","11_P1-100-3","11_P1-20-3","11_P1-200-3","11_P1-40-3","11_P1-60-3","11_P1-70-3","12_P1-100-3","12_P1-20-3","12_P1-200-3","12_P1-40-3","12_P1-60-3","13_P1-100-3","13_P1-20-3","13_P1-200-3","13_P1-40-3","13_P1-60-3","14_P1-100-3","14_P1-20-3","14_P1-200-3","14_P1-40-3","14_P1-60-3","12_P2-100-3","12_P2-20-3","12_P2-200-3","12_P2-40-3","12_P2-60-3","15_P2-100-3","15_P2-20-3","15_P2-200-3","15_P2-40-3","15_P2-60-3","17_P2-100-3","17_P2-20-3","17_P2-200-3","17_P2-40-3","17_P2-60-3","6_P2-100-3","6_P2-20-3","6_P2-200-3","6_P2-40-3","6_P2-60-3","8_P2-20-3","8_P2-200-3","8_P2-40-3","8_P2-60-3","20_P2-100-3","20_P2-20-3","20_P2-200-3","20_P2-40-3","20_P2-60-3"
"1_P1-100-3",0,-0.410710381300205,0.340913150673259,-1.12848614376588,-0.978129779465381,-1.41247634528901,-1.80386386527627,1.65489363315081,-1.90453290229989,-1.21448958899566,-1.59850009486759,-0.537968687966352,-0.112890104298882,0.0972129153180059,-1.45463144113786,-1.05805450731017,-1.86721704414427,-1.77344644296769,-0.863205621460917,-0.761471763463329,-0.709397001367702,-1.07962104653955,0.0900985417803751,1.02714144086196,0.119238266382972,-1.73003148035309,-1.36775524579107,-2.36077547797763,-1.72801239100073,-2.29725563475201,-1.51675437415894,-1.54732505974935,-1.78965974596237,-1.36174612995099,-0.0848498344412543,-0.966564749271171,-1.02365644354602,-0.769116864986049,-1.24746087871673,-1.42086017093434,-1.34589366815419,-0.762308943801517,-1.15414598744495,-1.38376537406053,-1.39403785712762,-1.21195698269081,-1.01418160104989,-0.654525768012621,-1.49273288851725,-1.16143781065338,-0.563951582638411,0.0993489329560449,-1.11663833361584,-0.43431429474868,-0.38063043465262,-0.313712233470425,-0.409749639861382,-1.18210040384075,-0.363036115521806,-0.140550968902789,-0.411112852981765,-1.38473928696559,-0.764072286394893,-1.33706147197622,-1.4935153370706,-1.50881418911941,-1.22658360722996,-0.188053477771135,0.296674765215754,-0.921905426553327,-0.519951336831099,-0.823652171011326,1.03107779724095,-0.930262703543722,-1.32488860102015,0.156827995540367,-0.153209842903564,-0.224419073420482,-0.796239708226589,-0.35847834334948,-0.134823213759154,-0.342667864042401,-0.304011426533365,-1.40039356911561,-0.761973756507039,-0.283382879697868,-0.35327545538383,0.028115534239311,-0.112257264639427,-0.969257303675108,0.363503510492529,2.28891788668947,0.544851668293,0.359664649223085,0.842140122820634,0.28269447272317,0.393981820444094,0.136944646948617,-0.306401589485513,-0.74737874453886,-0.501243343259162,-0.00329910206229286,-1.24189929739192,-0.109900145180352
"1_P1-20-3",-0.410710381300205,0,3.48317073300335,-1.62197929590985,-1.24273429238058,-0.147972841391093,-1.42948487991022,1.57507262447563,-0.982788781368867,0.00108733902162986,-1.2410828509454,2.95049510827064,-0.111191073863694,1.21081656079512,-1.06977438591111,-1.61034060242341,-0.870505658832071,1.95244455965807,-1.53485629587276,-0.538136731437497,-1.24977005108363,-1.02710214680906,-0.37872839612686,0.649455187820746,-0.896453962379611,-2.53056866548491,-0.620075816322053,-1.88618906873763,0.840941049302059,-1.37073622279985,-0.628296713550173,-0.0212987469528988,-0.677007066488256,0.0545932733518047,-0.541799701472772,0.451257236411083,-0.712781002192824,0.41273565662422,0.197412046025214,0.00772011558140569,-0.352410514922954,1.53566216981613,-0.628097176218604,-0.131351209924291,0.531696677341606,0.703043530497557,0.215518167454506,1.36979393179277,0.0174111366542061,0.0339926836644127,-0.0880275595958335,1.03343600563968,1.04171298272444,1.12787771748902,0.651796493914375,-0.137381365197458,1.25173970854731,0.101650564545296,-0.144645225164529,-0.00499787782138434,0.744364785970003,-1.36966700289112,0.363487875172081,-0.878043245858765,-1.16804153549692,0.231388495638636,-1.04888452502484,1.25501350617146,-0.871609925033588,-0.357646405405652,0.359632148076466,-0.586972223093286,0.379735116495499,-1.2533197848064,-1.27204227194957,1.39008845272058,-0.187395984837646,0.70658337354225,-1.20865492751171,-0.599498878169321,0.00437875933617074,-1.30608382551974,-0.0635844509857436,-1.32884038014081,-1.40907186465172,0.44596212002276,-0.706755288878323,1.00376701603265,-0.753908200690886,-0.93378019970496,-0.292849847435363,1.76899589654904,1.16938071383774,0.799590205388855,0.626618776233435,0.977195621485506,0.962503578803728,-0.209853951059248,-0.285453534934657,0.697737886063115,-1.19488924945088,0.0772809255822025,-1.39098792757088,-0.182591725577987
"1_P1-200-3",0.340913150673259,3.48317073300335,0,2.09098191492955,0.0919579929024485,0.632636337082653,2.93249481459485,-1.40331664253911,1.29420052421815,1.77162897575348,2.42731078783434,-0.486930303360891,1.82057222285315,1.39390885067916,-0.0817210958849712,2.40644701949432,-1.11965581532576,-0.810471847255871,1.51013729606904,2.19974150547328,2.72825300170972,-0.797250237360697,-0.017338616804446,-0.71221712343446,2.71935272137792,2.21229803185149,-0.85264910229398,2.18604631631869,-0.932420457223308,1.843408382851,1.04620535875381,1.95270443811067,2.17662126150213,1.07059919993398,2.15462934123538,3.61629665342404,0.358553017381565,-0.132594985362145,1.63171037958361,2.53873636816091,2.78653199966814,0.427750564740226,2.6689770109962,2.3460922375232,0.517231499121453,1.54778725111609,3.40904701118827,0.370517344524848,1.6507490730453,2.27884559086289,0.268782491693064,0.938916005007026,0.857732170384038,2.17389261522646,-0.0626638903527591,0.755830557601902,0.782916167484012,0.189577679497604,0.764943457428475,0.925261364061379,0.896776479944089,2.19044875111621,0.631035337556784,1.55938749118692,1.40354255763166,-0.509050412940395,2.29375358846304,0.859741888713198,0.592693124135939,0.559117820728977,1.61501875980027,2.24072789834752,0.422317165340204,1.69488234691237,0.866619767664062,0.381734474911061,1.54835904863774,-0.736093100316767,0.653834424331707,0.959062353615939,0.073667906050242,0.947241846902693,-0.885798453902782,0.548126733239379,0.718093523622745,1.13397067580169,1.71365812319011,0.485051195561903,1.88495770477856,1.80248439296289,1.94109975200252,2.75428924114218,1.06598488495177,2.14729265695154,2.02074502869765,2.42159870354777,0.146711837609622,1.48997441366219,0.643448948536911,0.892808435312787,0.802189712984197,0.284967806906758,0.700444958953993,1.94227637879955
"1_P1-40-3",-1.12848614376588,-1.62197929590985,2.09098191492955,0,-3.47956585113521,-2.02443189043907,-3.25064104715354,2.27161721294219,-3.83314551227244,0.0339882978722618,-2.94224496166057,1.61572498751031,-0.708064669093153,0.882829014975422,-2.06262614489204,-3.50071948761318,-1.69511036546685,0.478703528464566,-3.09094838276405,-1.61683083567194,-2.38603769000803,-2.1669026581705,-0.992529807733981,0.376017456888374,-2.14859606314841,-2.83700655322843,-1.32513079817455,-2.37880801622323,0.546803028129841,-2.37282429241822,-1.84224242640666,-1.7425687057793,-2.61838017697166,-1.49227600475477,-0.546610891439751,-1.80196502030888,-1.31156848412694,0.243899363553557,-1.85314409381508,-2.44007883263716,-2.44616592191454,0.468326114558229,-2.90917340480655,-1.77912284633017,-1.79494370120198,-0.777629511980376,-2.20595290629514,1.06777659372362,-2.09460113695752,0.296651488409206,-1.04187352496469,-1.21772950698847,0.309302457373591,0.181577349080909,-0.678849870350277,-1.61991565033283,-0.534017006582733,-1.82228008874961,-1.53274845454322,-1.64513621184682,-0.224758709409,-1.97416076769759,-0.60424092495432,-1.78349802243409,-1.82838791597487,-0.673526788488152,-1.42868540176009,2.94430909273473,-0.959557380417327,-0.666717032546227,-1.23735512095133,-1.29945684145959,0.0647980001983736,-1.68667691284136,-1.69186961469873,0.287736417664799,-1.67069864178605,2.85585752007221,-2.08503202780393,-1.54352403830724,-0.255855170618176,-2.06584937239021,-0.333813713077971,-1.92299052436259,-1.84383234537905,0.0803145123234154,-0.822722019548728,3.02690356414098,-1.50845359662273,-1.49037272135179,-1.64107788154744,1.75495532159555,0.297667130315964,0.648245037956275,1.16299300533492,1.12924282668819,0.283444067528625,-0.470794719849835,-1.52514149952926,-0.103778597743674,-1.77659202336359,2.00789785194582,-2.07098420285197,-0.676624756761763
"1_P1-60-3",-0.978129779465381,-1.24273429238058,0.0919579929024485,-3.47956585113521,0,-1.39645411619952,-3.16400531427933,0.243811262959053,-3.46859958430047,0.355741984077443,-3.53646884689577,-0.111798508676091,-1.64314774936223,0.283563909004622,-2.30850768812713,-3.90163522668016,-1.86456733595353,-0.21168545038248,-3.32688812501755,-1.88000041507443,-2.77817511736398,-1.88432162372396,-0.910204521475828,-0.23230504751186,-2.71332601134728,-3.07515094936834,-2.02408341453706,-3.61903699203945,-0.748432104021603,-3.2743188555556,-2.26158431875682,-2.49457199405928,-3.09390437255411,-2.0721029831168,-1.52656544222954,-2.29912620195626,-0.417736384046767,-0.824375301292033,-2.5979875495198,-2.09973015090477,-3.12189016491109,-0.210169253533319,-3.00809458989955,-2.28109771556579,-2.09282804638901,-0.942010367358829,-2.97319007814654,0.560554093452678,-2.63435404518382,0.214002164836898,-0.785603859597688,-0.937499582613233,0.175442909630677,-1.13872039130907,-1.09791503448889,-0.88025101356696,-1.18907428621576,-1.86449410441778,-1.00602369774326,-1.32063800278234,-0.767487552086205,-2.57413056260159,-1.13580536726666,-2.27494583091554,-2.36083245111323,-1.62070584632248,-1.8786719690568,4.04573883663335,-2.11875156869369,-1.59812795658973,-2.11919172598611,-2.17298808004132,-0.937467208772086,-2.62213735978817,-2.50965232989064,0.476326058745869,-1.1170584288635,3.75810698316634,-2.20270678172559,-1.39681415625203,-1.47218223580587,-2.5874217095877,-1.39744583455209,-2.47384794466709,-2.54777362480706,0.343148058200969,-0.720742363996042,4.03605963122865,-1.92996298136006,-1.79164256175123,-1.23905550500573,1.85138994907152,0.427385740991232,0.872985688039451,1.166800462331,1.46933501505336,0.403219944899016,0.22599808343601,-1.26073979813741,-1.6645055025835,-2.38786983825106,2.48503389242697,-2.72870044433349,-1.15006016453841
"2_P1-100-3",-1.41247634528901,-0.147972841391093,0.632636337082653,-2.02443189043907,-1.39645411619952,0,-2.31709094730942,2.05316961209566,-3.14516936860071,-3.14709724603784,-2.60885859909606,-2.10937890067214,-1.61352424029462,-3.07617783087844,-3.02934831760245,-1.24980188583398,-3.00694424289299,-1.18547461241984,-0.961377964629228,-1.81993262101192,-0.506847903598207,-2.96213923734762,-1.7860093464179,0.524207433022745,-1.45384986667076,-1.44185076856949,-1.96052803718325,-3.71028534330454,-1.55558341385079,-3.5597393530684,-2.75670910375131,-2.37291749965661,-3.03444338520577,-1.30695077578191,0.427227220153397,-1.66460770811222,-0.537501594427599,-1.61016188306505,-1.90082431887025,-2.40400063579056,-0.925348558248961,-0.822085706757944,-1.63407062979847,-1.16110276719681,-2.32627817737352,-0.825126180085117,-3.08728794209221,-0.153477377866173,-2.11852949409257,1.00567794209666,-1.0070093310768,-1.39275024358373,-0.872721900902976,-2.15201339716915,-1.19088321662119,-0.9795946380076,-1.42513579386835,-3.10214770101411,-2.65283596689579,-2.42781779867869,-1.54597492206033,-3.21479742937542,-1.85184663820931,-3.00198355925603,-2.99476066339421,-2.93128019887554,-2.82202135787871,1.39030348532995,-3.30220376883943,-2.23155644571126,-2.30388858695634,-2.46865850199376,0.463680607683654,-2.8038488890064,-2.83856175073761,-0.045589879117295,-0.51840434123175,2.83031621166091,-2.49231147944628,-2.10439299025993,-1.99222070287869,-0.941803588703675,-0.720894634578243,-2.09083653599083,-2.17862223784816,-0.759771426010322,-0.552330147603993,1.77375785441407,-0.858104389439319,-1.74899292044494,-1.19975037874541,2.29875895148054,0.819635182461686,1.17932574883533,1.92604549162073,1.31680892184105,0.358884395678493,0.725897150418856,-1.45951545948569,-2.60609466795333,-1.98827562534164,2.09484701368099,-2.30009323560575,-0.749760823396861
"2_P1-20-3",-1.80386386527627,-1.42948487991022,2.93249481459485,-3.25064104715354,-3.16400531427933,-2.31709094730942,0,3.48474969713757,-1.61004319060705,-2.28972471820921,-2.41010476003739,1.95132966032939,-0.356685476828245,-0.855891982021852,-1.9954901790654,-2.39671576204229,-1.73114748856501,0.362062386301749,-2.0610990196797,-1.70877882136171,-1.30563414676454,-2.63643113585829,-1.23364480714829,0.0108772156625875,-1.50627491435365,-3.02092353048177,-1.55013121049171,-1.7186733680867,0.375606109065592,-1.96460407615944,-1.6309422714281,-1.5591215024217,-1.84039067016583,-1.74377167557273,-0.358056621167655,-1.67827003213576,-2.30177063102147,-0.548971574435649,-2.29598028114198,-2.71043234533051,-1.3115916132165,0.0109326793305682,-1.92774111066126,-1.76132332867332,-2.35283832351779,-1.67272535161463,-2.08088598147783,0.522359642628987,-2.2761285772137,-0.600110308639303,-1.40365214238904,-1.97866992116349,-0.374416695521983,-0.725586402466499,-0.9123305210386,-1.57774402770945,-0.884323604423709,-2.0615788099894,-2.09634110691443,-1.89286987172594,-0.293034969415959,-1.90427100251263,-0.771429452009254,-1.82584174503263,-1.77147285954822,-0.586253711223928,-1.54021022246691,2.76417009774204,-0.969664641592252,-0.82657562462942,-1.35329851341894,-1.42397350533726,-0.59482226289382,-1.54691023924069,-1.70447349954455,-0.374371600535286,-2.1950798031539,2.40881359850572,-2.38106870898075,-2.05315858721047,-0.754743402880328,-1.89648400673911,-0.630899786155378,-2.13931657705049,-1.77947462934784,-0.526778051020083,-0.823675892759323,2.69021331660685,-1.39742682957199,-1.37033331644523,-1.91369067208566,1.88792358464459,0.43133740999251,0.292585121548283,1.14778046675487,-0.0585327225763399,0.0433419815070315,-1.22578207701897,-1.93462953153812,-0.257648842008304,-1.69811417331108,1.99085312184826,-1.8793940068421,-0.984220405939711
"2_P1-200-3",1.65489363315081,1.57507262447563,-1.40331664253911,2.27161721294219,0.243811262959053,2.05316961209566,3.48474969713757,0,2.38685075590193,3.24590635761638,3.20336379425099,0.236589241786296,3.28999365400803,2.84838405001158,0.817849441403958,2.49474781064211,-0.729059590835923,-0.956009329805394,2.47597045989483,3.23197864623369,3.8511815983056,0.831163486127883,-0.747089740339552,-1.36232558688575,3.24828910434407,3.02791910145526,-0.278443558560518,1.90196405510762,-1.40974889382537,1.45424294558226,0.761402623915334,1.58814106791542,2.65696095189182,1.41616895572907,2.1768502182237,3.70339137863455,0.460196343359876,-0.632246433496771,1.17708170736605,2.00166399415723,2.56833537624061,0.4030215652741,2.42219386899084,2.45944053815637,1.08068044796973,1.95995626238033,2.95198810890085,-0.277270514209775,1.87224350446679,2.11344307845263,-0.159604802532611,2.49221719539138,0.755938690877448,2.94613724470346,-1.24375283273133,0.493183150165926,0.259241409363416,0.321135393581409,1.6796488766486,1.73564622719692,0.69122414523779,2.66915788482843,-0.296808996993809,2.39039842650302,3.53529790489032,0.472331415848172,3.4726864708363,-0.469216622291668,3.57117692195191,0.411645392287757,1.29357249538129,2.19049801868969,0.0347048475384015,2.17047472470541,1.06448630035587,-0.660676525109845,2.16940672229444,-1.26570367426463,1.12786407465456,1.64605272626074,-0.124777762683082,1.70585381605947,-0.560801131923705,1.22639944781074,1.54077735067312,0.190382510331269,2.04053950377473,-0.738141628125623,2.16245923510334,1.67340622718021,2.33673908531394,1.9328596329673,-0.690266789797161,0.943767389465361,0.837038115777765,1.57774989373513,-1.16233504342117,0.67782956841984,0.428409548003894,-0.515925306814274,1.61709795438183,0.701664828288323,1.16202628708548,2.60275065568563
"2_P1-40-3",-1.90453290229989,-0.982788781368867,1.29420052421815,-3.83314551227244,-3.46859958430047,-3.14516936860071,-1.61004319060705,2.38685075590193,0,-2.35154591369018,-2.41114768010795,0.733049893095879,-0.291871477636119,0.858359327498412,-2.29655276908601,-2.44502964430668,-1.94398450248724,-0.127578620770494,-2.11428461885258,-1.66382264445673,-1.19858366136337,-3.04438627895212,-1.15057577739284,0.216802633839134,-1.52767752341237,-3.11481900064727,-1.61034985132278,-1.86565123688188,0.118390584454808,-2.20161291306332,-1.82660017430494,-1.35345036651317,-1.95123595609157,-1.49554327085628,-0.300414777953467,-1.63993488374149,-1.5522943939609,0.000551951874906688,-2.04002911850206,-2.93325251482936,-0.733221423726462,0.0212936656379111,-2.00800999604862,-0.744864113565124,-2.50445940063964,-1.63888045534634,-1.66813574459561,0.401675111235297,-2.37243534922107,0.684978608902091,-1.35818004803217,-2.17689362906491,-0.606364618875194,-0.416325422076992,-1.65026751249727,-1.70545564407119,-1.15863450638435,-2.27587218127719,-2.0234456227843,-2.03024469187099,-1.0460673361899,-2.29923970149546,-1.36620063558401,-2.12956437579665,-2.11771859031906,-1.38341800914015,-1.95977283653389,2.19161883714953,-1.96947745489053,-1.56544069370858,-1.2517039636106,-1.72040289985318,-0.587039557114569,-1.93543611929361,-2.12411144706322,-0.672656552201346,-2.15142662888598,2.56382534295225,-2.40361603710713,-2.15482111568606,-1.31645152541857,-2.02049679278154,-0.805657176845033,-2.35164679724341,-2.14535656524171,-0.480478415381656,-0.730486966463063,2.62986842724206,-1.42540964816635,-1.57982773970508,-2.11740482605283,1.30848100924044,0.100126538579131,-0.217244762310109,1.01215434791455,-0.0953114085116166,-0.320122360407149,-1.31885711340705,-1.97624333558879,-1.25133915364356,-1.96079481882839,2.18528086914706,-2.21288729417193,-1.28962650549094
"2_P1-60-3",-1.21448958899566,0.00108733902162986,1.77162897575348,0.0339882978722618,0.355741984077443,-3.14709724603784,-2.28972471820921,3.24590635761638,-2.35154591369018,0,-3.60017394908197,-0.581251491977984,-0.993568241530793,-1.51848561454052,-1.50637506415198,-2.07056252201509,-1.25624883267413,-0.792492510450278,-2.22706864900722,-1.58699678022105,-1.28628155821358,-2.76302972481792,-1.34650539936191,-0.00274607261114209,-1.55902259068353,-2.27638630448176,-1.3899346720833,-1.6083102376597,-1.33912640651387,-1.87263291909092,-1.23220341713793,-3.28051228070005,-3.67357238439646,-2.25811323484854,1.83699216671119,-2.26536031268348,-2.39295891172626,-1.03211267064562,-2.94934601348722,-1.9293758237541,-1.45381215409039,-0.640357301311605,-2.15266939566663,-2.05432239397121,-2.65860606526046,-1.46955110611737,-3.41885791505851,0.365543097047242,-2.23609487905114,0.641177389436661,-3.09839323884541,-2.47505373650777,-0.495421737282726,-1.84093107912811,-0.864713319753664,-0.476100107795134,-1.00797519979419,-2.24382857488134,-1.5737773691414,-1.41382385198022,-0.719354985122227,-1.90148024363347,-0.922693630448602,-1.7354971602037,-1.92326816576423,-1.57022781794698,-1.49220466056115,2.96071892112452,-1.57470688364313,-1.07317642240694,-1.22913001447464,-1.10425747433747,0.4267277417322,-1.40050866610789,-1.600921211745,-1.3246909216015,-1.56277716084034,1.46091513164002,-1.76536992731387,-1.5527973630438,-1.46096793722974,-1.36884644142129,-0.593086199028268,-1.65109655389017,-1.59513068701341,-1.53298155481317,-1.03854527869729,1.3134591798337,-1.13234093567171,-1.21263197282946,-1.1622358754154,1.92051233371795,-1.03518646412461,-0.474674411888902,0.572369963555915,-0.743643207943327,-0.873368867033682,-0.820220017563066,-1.62698685189301,-1.98710064497915,-1.25073279824909,1.88426260049388,-1.51702669629301,-0.611841576668979
"3_P1-20-3",-1.59850009486759,-1.2410828509454,2.42731078783434,-2.94224496166057,-3.53646884689577,-2.60885859909606,-2.41010476003739,3.20336379425099,-2.41114768010795,-3.60017394908197,0,1.52469130449931,-3.00053262139001,-1.71378857106292,-2.44249587736057,-3.20385097809193,-1.98890460378892,0.35015493897619,-2.03137624460118,-2.02105830991514,-1.8017267413997,-3.07815747190424,-2.1449901054661,-0.110737030075834,-2.46287731246021,-2.9391875923215,-1.60865427245404,-2.08183460446226,0.722771169405448,-2.15213011485624,-1.9418394412121,-1.95427838922044,-2.17020958340889,-2.99754252988067,-2.28065957910544,-3.09850434259152,-2.88805782332579,-0.311436974261754,-3.30597650761993,-2.77848780212832,-2.68429213167469,0.3825068797981,-2.38890333847883,-3.31585147298988,-3.14083756136113,-2.75555961400389,-2.91956532982648,1.24154734597138,-3.60703381365592,-1.86919108616237,-3.2787652575427,-3.11399174646074,-0.0971816857020495,-3.35323614865732,-1.22355941240982,-2.00531268948412,-0.935630512553179,-2.42563330632558,-2.44130111293525,-2.34372830125881,-0.535973069293418,-2.36433554627841,-1.11615272988652,-2.19488833157107,-2.13318498518051,-0.734755164838873,-1.98969572698132,3.0820209672222,-1.70376471278277,-1.31565170799048,-1.25829653859444,-2.32379581686205,-0.500905138279601,-2.07139007517413,-2.05458862015961,-1.41833881426711,-3.15150133905018,1.98257906972615,-2.9162166980374,-2.86697623745466,-1.13411815107641,-2.66839587788827,-0.721691664038324,-2.67558507508255,-2.26171308429201,-1.81422915915143,-1.91930470286763,1.98760689316389,-2.43779444696459,-2.20187804196263,-2.73904934007183,0.414002806535797,-1.03521952905919,-2.66423066642657,-0.78306600193906,-2.9689989072426,-1.10507336732337,-3.08516138797973,-2.77646283289101,-0.877680717875386,-2.42391497173011,2.30241504681256,-2.7992912188788,-1.60497111511279
"3_P1-200-3",-0.537968687966352,2.95049510827064,-0.486930303360891,1.61572498751031,-0.111798508676091,-2.10937890067214,1.95132966032939,0.236589241786296,0.733049893095879,-0.581251491977984,1.52469130449931,0,0.0157149356967969,0.64076492515114,-1.68000730712826,1.35828751707626,-2.47896839641513,-2.51009356210525,1.32159780512815,-0.561681953578477,1.42941103009863,-2.8976656317536,-1.89949294966398,-0.445088608898165,0.616392376236016,0.679690205199037,-2.30141191179246,-0.547160243008987,-3.59590071830927,-1.57205156445693,-2.00123871303022,-0.461531496648709,-0.442839236127476,-0.746547315854713,1.84532906691246,1.57681550880809,-1.51714294705533,-2.62785646492831,-1.33248966361542,-0.647975876022656,1.04285046784894,-2.44391215579469,1.05142927188264,0.639823808730391,-1.72712488343974,-0.538463540622772,1.00885086953147,-2.59113791040136,-0.241312278640644,1.79501451529111,-1.94914026338815,-2.4422295250103,-2.63842532466316,-0.119706916924904,-3.00588688697761,-0.339233560297672,-2.65467175968551,-1.41353194655744,-2.18653216203999,-2.69880155828053,-1.57931306280178,0.0722781775494702,-2.25875535774668,-0.314525709271439,-0.2782794602146,-2.87632621048896,-0.137428901241804,-1.8447992799169,-0.860082682926445,-1.12304681588509,-0.349289057861539,0.958807103937129,0.164416281326045,0.431346971151443,-0.65180299862227,-3.17306166116976,-0.219271269944449,-1.92716804940574,-0.580434049662475,-1.51463141960753,-1.88391465908353,0.406473343061715,-1.20367249508838,-0.0291326930881282,0.230971674530543,-1.02991192659898,1.67610956492316,-1.49826155910021,1.01358101803798,0.351766994996794,-0.486782930011942,1.94685247575952,-1.80431677594995,0.816704984878193,1.89174009276314,0.703114158787611,-1.90416229420486,0.551031570734956,-0.564245189360533,-2.29764683462945,0.0135748585186043,0.0484973058984306,-0.119464443038687,1.51539271498816
"3_P1-40-3",-0.112890104298882,-0.111191073863694,1.82057222285315,-0.708064669093153,-1.64314774936223,-1.61352424029462,-0.356685476828245,3.28999365400803,-0.291871477636119,-0.993568241530793,-3.00053262139001,0.0157149356967969,0,-0.74768329065382,-2.1918492601156,-3.3455192477928,-1.84151050950569,-0.660794130854165,-2.07190409023075,-1.82813920733336,-2.48679440423376,-3.55137354034587,-1.90741012027397,-0.423828177935432,-3.11085990333185,-2.78219309465494,-1.48400521872876,-1.61475078419166,-0.648253248238484,-2.08757080993806,-1.48955425161728,-2.76681006388599,-2.37407633816895,-3.16126910967745,-2.17028001106886,-1.07138520769281,-2.84937285571898,-1.7067228376095,-2.87962305184052,-2.50909086882248,-0.871937560374683,-0.135345712914664,-2.64249116021993,-2.18019988984578,-1.26060389987971,-1.0199593505362,-1.83801034831969,0.787182586041764,-0.988017819564016,-1.3321532430208,-3.28065473298259,-1.78319994246829,0.233306605559516,-1.06099989293017,-1.41268529319181,-1.57862640117326,-1.04652901464822,-1.95826727831028,-2.20481421246907,-1.86826213181235,-0.985925653235686,-2.20008028667418,-1.44091143228614,-1.98631899123903,-1.97535526185075,-1.39178388301037,-1.91975755660035,3.37126955801209,-1.25182839259967,-1.28259866544328,-1.00782674859905,-1.80532667600445,-0.609108246727006,-1.5197497493613,-1.75915976600352,-1.36497598058824,-2.60408688375608,2.02138515871838,-2.77938985990404,-2.42555086247171,-1.65441359235095,-1.97540541744171,-1.09821040318258,-2.13412783633236,-1.98034030083189,-1.72149582966464,-1.26641723389454,2.50490622390053,-1.83566450719116,-1.8897096410373,-2.01241244467109,1.33268919680701,-0.987244130232724,-1.5718572846076,0.224540091407703,-1.81509452331036,-1.02906982258169,-2.24809925139719,-2.23488170950821,-1.638082940229,-2.00010071755758,2.14880451746768,-2.23294076317829,-1.44171745958385
"3_P1-60-3",0.0972129153180059,1.21081656079512,1.39390885067916,0.882829014975422,0.283563909004622,-3.07617783087844,-0.855891982021852,2.84838405001158,0.858359327498412,-1.51848561454052,-1.71378857106292,0.64076492515114,-0.74768329065382,0,-1.90370456973416,-2.55731472460374,-0.787082793332912,-0.234273723077078,-1.88047691133312,-1.15695886151669,-0.196341628425825,-4.29330746362261,-1.96804752386525,0.353979866178366,-0.262662474028884,-0.830722509424389,-0.923230618406336,-1.17107286888689,-0.423680965793866,-1.64748448550711,-1.57732993783086,-1.64551926765221,-0.478879899558024,-1.04968678875857,0.190339769833244,-1.54334549898994,-0.926168134670595,0.746686747102446,-1.83536718845815,-1.61874828515974,-0.856024025229322,1.28062047675472,-1.5437592450624,-1.00447166265608,-0.676536383475877,-0.0495149785249879,-0.648362148521524,1.0385722606745,-0.723387744747722,-0.0673507962507828,-1.30667709988622,-1.85871426733087,-0.558048516522779,-0.414677146054715,-0.331296263539241,-0.924043025690027,-0.318487989941234,-1.70177715575098,-1.71294305594629,-1.9171239889083,-0.351237881618815,-1.58706931618028,-0.701630903361158,-1.58088598277731,-1.59556264154645,-0.955161743244031,-1.31590842234694,3.47171689752846,-1.33156886679174,-1.06672030255034,-1.12600329115234,-1.29321109609743,0.756399479992215,-1.13563331798018,-1.31494187926206,-1.06767072285423,-2.36557514704175,1.9559133076929,-2.41532753422074,-1.96820292069837,-1.10314835970608,-2.1378199835019,-0.192291085322322,-1.94383933083052,-1.79954435837463,-1.6525064634759,-1.28109319037572,1.96321556350252,-1.671581026153,-2.03347831955699,-2.15693694827189,1.27565135859833,-0.947854602393724,-1.4179052556023,-0.00403113669114543,-1.87314440801846,-0.905585279354681,-1.97014489002931,-2.28118346071819,-0.402276002834192,-1.32549532512684,2.17840306283117,-1.76814426494808,-0.768544841200433
"4_P1-90-3",-1.45463144113786,-1.06977438591111,-0.0817210958849712,-2.06262614489204,-2.30850768812713,-3.02934831760245,-1.9954901790654,0.817849441403958,-2.29655276908601,-1.50637506415198,-2.44249587736057,-1.68000730712826,-2.1918492601156,-1.90370456973416,0,-3.56233689180974,-2.10303623484818,-1.47269547885969,-2.72313990416053,-3.34928190568588,-2.46697087832333,-2.97261343808826,-2.82070432953484,-0.973500397958973,-3.00095275574952,-3.07581695853907,-2.84690351550045,-2.82748764568037,-1.7641991785735,-3.81188625878741,-2.85874592905686,-2.59384616997317,-2.68489714723351,-1.94780417087815,-1.5224725691231,-2.22064354658445,-4.11806620103801,-2.33551588409349,-2.36042807783639,-4.00935517244084,-2.33679515316375,-1.35128253062961,-2.18991108386459,-2.80157963703197,-2.55489823787107,-2.33027603694364,-3.00444854354835,-1.41307461260148,-2.1863308255924,-1.60532464029356,-3.79404150151493,-4.46920350970486,-2.53737215583793,-2.37369493860559,-1.74778516849737,-1.76298695705346,-1.87835139928164,-2.45624432406519,-5.00570533247656,-4.52750096568225,-1.29234446347902,-3.03642655310776,-2.28147413267351,-2.91787547451928,-2.9686304606654,-1.86044267789368,-2.53654196993037,2.65137987371572,-2.08530629952105,-1.67013449544342,-2.35130502350115,-1.7910099436584,-0.180313882277518,-2.26357440425564,-2.29626792717631,-1.95483354586734,-2.19748093374894,1.86182826464634,-2.87466633532791,-3.23836093226128,-1.90522353059765,-1.37688888889037,-1.55661447870996,-1.81343781739812,-2.15802630175617,-1.32311130488611,-0.322129510760048,1.57111296101901,-1.20288218844087,-1.83194315008346,-3.2146799425494,0.589919697976116,-1.91258451617419,-1.87192303042832,-0.133941525299181,-2.30662771388661,-1.40036984704757,-2.33299944764505,-2.53495471217628,-1.07950470032399,-1.60396939719962,1.9475086332864,-1.69770778941587,-0.305231537821567
"4_P1-20-3",-1.05805450731017,-1.61034060242341,2.40644701949432,-3.50071948761318,-3.90163522668016,-1.24980188583398,-2.39671576204229,2.49474781064211,-2.44502964430668,-2.07056252201509,-3.20385097809193,1.35828751707626,-3.3455192477928,-2.55731472460374,-3.56233689180974,0,-3.07230372278048,0.920673250430817,-1.56241133997125,-2.45746619444198,-2.06213289538776,-3.68026040764192,-2.81984339022401,0.902032145031524,-2.53363022593288,-2.00027661452803,-1.41965717689406,-1.56182637823854,1.11312983185458,-2.23667636418419,-1.85826187684367,-2.68379854227997,-2.6792386473983,-3.61788896272615,-2.92110631763702,-2.77585463700899,-3.01344461275773,-0.950378989421952,-3.90574782254579,-3.6454719816929,-2.70648019868618,0.739044032701192,-3.29115006868231,-3.47730120928711,-3.64809965304006,-2.98402951372059,-3.09194846295652,2.06711173284366,-3.60929225783013,-1.91340129591804,-3.64788907945553,-3.3550889283091,-0.0549524787773717,-3.32368064701271,-1.57258102301088,-2.51897204171149,-0.392783148538794,-2.93325126670612,-3.28113710345721,-3.27787377477219,-0.774086499559791,-3.01322921684474,-0.896378647538103,-3.35132959783513,-2.58958335085095,-0.613920779112676,-2.58306959621662,1.01755515926084,-0.057497122838958,-0.358692834949861,-2.36180647273452,-3.08221381130405,-0.898618482128769,-2.05210889913423,-1.8228358249214,-1.86060687361282,-3.46585830837882,0.803818121155258,-3.4727137468949,-3.06505295661518,-1.57060612582631,-3.26382696288933,-0.816514517049165,-3.2336916318691,-1.8343990082473,-2.88344699799409,-3.16406812404176,0.172400262034447,-4.11570007375818,-3.57361669287916,-3.47995411173229,-0.541824607283961,-0.698683573537101,-3.43022871047189,-1.49734871535362,-3.80131482226546,-0.97337339243533,-3.58370683026755,-3.40007548756105,-0.3350663726428,-3.32920693531528,1.91710142254108,-3.39985219033323,-1.09337579271186
"4_P1-100-3",-1.86721704414427,-0.870505658832071,-1.11965581532576,-1.69511036546685,-1.86456733595353,-3.00694424289299,-1.73114748856501,-0.729059590835923,-1.94398450248724,-1.25624883267413,-1.98890460378892,-2.47896839641513,-1.84151050950569,-0.787082793332912,-2.10303623484818,-3.07230372278048,0,-2.37156924250728,-2.67000339353718,-3.08785568304621,-1.58731523048622,-2.28544729245012,-1.98090815350604,-2.01793111299836,-2.89774370882409,-3.07266530828234,-3.47967639857879,-2.56034145482417,-2.8687556873339,-3.52214417360474,-2.20836171210156,-2.29337144570928,-2.44244773679799,-1.70890643513118,-1.21299685804056,-1.7277238499664,-3.91614060102747,-2.67642206113303,-2.16622535379873,-3.51040078716757,-1.84075947136989,-2.06395860045625,-1.83109415995664,-2.5118944702884,-2.06520688984838,-1.87164118986234,-2.57270430150104,-1.83259463113174,-1.87726140601303,-1.33266679491878,-3.33310246505932,-3.97541119793699,-2.40010716377501,-1.87131951430985,-2.63413446640884,-1.29539865315916,-2.32582617443988,-1.86845707429875,-4.23718036796077,-4.27323664070137,-2.09643843896166,-2.59969174818344,-2.60314544588837,-2.53818763179375,-2.66635989531887,-2.31654884029778,-2.19856327001559,1.85960397280495,-1.86493392780812,-1.76308510152717,-2.31043031619615,-1.32049271382818,-1.33631114639211,-2.09928979917971,-2.10652115038789,-2.80831773597717,-1.48632495698799,0.630043501831711,-2.35510824933633,-3.11265616306614,-2.51694781738903,-0.485229818864369,-2.3293844173153,-1.06785019002104,-1.98863158772106,-1.01786293645493,0.366329985215736,0.657972585301029,-0.523923628098028,-1.46049016386555,-3.291535312783,-0.570582752787404,-2.3753634125665,-1.74275169993673,0.270379025221965,-1.99368487092706,-2.38750059020507,-1.79559508578241,-2.0358302889743,-2.01929544937915,-1.15451653854847,0.833545979935983,-1.0758190043297,-0.0406386363051898
"4_P1-200-3",-1.77344644296769,1.95244455965807,-0.810471847255871,0.478703528464566,-0.21168545038248,-1.18547461241984,0.362062386301749,-0.956009329805394,-0.127578620770494,-0.792492510450278,0.35015493897619,-2.51009356210525,-0.660794130854165,-0.234273723077078,-1.47269547885969,0.920673250430817,-2.37156924250728,0,0.34630305582193,-1.29116608465266,0.690857676637404,-2.73321134235321,-1.57529778529873,-2.92939428207109,-0.828840716187594,0.0379609174234019,-2.19260060171306,-0.972030955189013,-3.40631728287888,-1.18839406980135,-0.982965822370164,-0.650299173007251,-0.538127474481236,-0.822196790219805,0.393178238196475,0.914648987941153,-1.59364780479334,-2.49403003515133,-0.623419439892288,-0.0811257998040227,0.542602481908818,-2.27902620847023,0.39707678714811,0.0272256394190296,-1.00354402442261,-0.389187088456343,0.290527325068208,-2.99554052283331,-0.286586244872847,0.91274485947855,-2.37919895548678,-2.24709224179911,-1.89035124035145,-0.175362564432166,-3.04014022926521,0.163105678203395,-2.52578039189889,-0.70976943997302,-2.12328756141665,-2.26628534821236,-1.71334715723511,-0.297656348685577,-2.66562762494513,-0.678884068341991,-0.704435928634423,-2.95836496244428,-0.582242314182215,-1.90619189370233,-1.28007049339392,-1.40372863235985,-0.473657386505111,0.820401423968846,-2.22883890921462,0.25248623981644,-1.05441165186481,-3.12368871128283,0.692157409029988,-3.52055264426292,-0.243423230108165,-1.64633898680966,-2.40756239001434,0.762408764550231,-3.10477245147868,0.342136905675405,0.750766528382235,-0.173213347404094,2.75970716362358,-1.63433405669921,1.71979047915394,0.842383992750047,-0.910877412527375,2.9838225845912,-3.26723340991669,0.548486767931617,1.37130813619137,1.20225195133994,-2.2279199428111,1.04782847866455,-0.00994161444423132,-2.05247787817982,0.307486381744475,-1.04041052649386,0.237631666799751,1.81681271331893
"4_P1-40-3",-0.863205621460917,-1.53485629587276,1.51013729606904,-3.09094838276405,-3.32688812501755,-0.961377964629228,-2.0610990196797,2.47597045989483,-2.11428461885258,-2.22706864900722,-2.03137624460118,1.32159780512815,-2.07190409023075,-1.88047691133312,-2.72313990416053,-1.56241133997125,-2.67000339353718,0.34630305582193,0,-2.3945761596959,-1.90434035007763,-2.11516603498897,-2.03359185318309,1.3798841184758,-1.63428369682251,-2.09272830185684,-0.749791570743066,-2.72174582259348,0.523245289301811,-1.85195525396455,-1.48202325611509,-2.31729243794143,-2.36349064057619,-2.99613833453858,-0.3888260807972,0.208064126948397,-1.78106774485992,-0.0512992279282444,-2.71670066537779,-3.34384039322571,-0.428027411933408,0.392464672175691,-1.98068993190022,-2.25978272107191,-2.38458483010791,-2.11067750799744,-2.27573424311614,1.72742790199286,-1.73410897963619,-0.770806497996461,-2.5920292519082,-2.594187289438,0.541402005448831,-1.12562820692209,-0.92906711770182,-1.98575192605487,-0.386131276482811,-2.42231797920027,-2.18464317667498,-1.89502744122107,-0.392080035731166,-2.66284794542892,-0.739546449030591,-2.19074691921481,-2.48065558979474,-0.691246312345634,-2.4392471944938,2.11804207679152,-1.85525781523764,-1.4424809906602,-1.39469575683997,-1.8239806312473,0.188745676122358,-1.79893655476632,-1.95799361442791,-0.990886933465381,-2.81851316165643,2.26696080521903,-2.99047465049509,-2.84793717313121,-1.12616962106627,-2.53098323710173,-0.080926159414376,-2.63996089864226,-1.86111090051478,-1.34062805352442,-1.56711360046184,1.65578898802428,-2.52669509492763,-2.13073916395008,-2.87974026800427,0.0682965027878206,-0.392032550642452,-2.12541795635387,-0.18515295349908,-2.54084804886533,0.547750592772433,-2.70865810498339,-2.72144010005464,0.315504275833667,-2.71167849393315,2.45536011390746,-2.69090595174888,-0.669725973362447
"4_P1-60-3",-0.761471763463329,-0.538136731437497,2.19974150547328,-1.61683083567194,-1.88000041507443,-1.81993262101192,-1.70877882136171,3.23197864623369,-1.66382264445673,-1.58699678022105,-2.02105830991514,-0.561681953578477,-1.82813920733336,-1.15695886151669,-3.34928190568588,-2.45746619444198,-3.08785568304621,-1.29116608465266,-2.3945761596959,0,-2.21846335113878,-3.4289624527145,-3.24990207998305,0.756119719183675,-1.94418350289901,-2.24804180038957,-1.46303056506879,-1.69283653064023,-0.620264246012489,-2.70296966666026,-2.30463148893456,-1.97064613461338,-1.92314645680744,-1.81482795572488,-1.31019722118974,-1.75154921621642,-2.692809902654,-1.69868299810277,-2.19723987850912,-3.82319984646221,-2.03830519357941,-0.00274643709147565,-1.76198792370956,-2.3993373088948,-2.46462588772466,-2.206311383849,-2.52316216839737,0.269484320928828,-1.95722466494324,-1.12465277934592,-3.60419873608006,-3.95908526394588,-1.46235725556759,-1.96911757866829,-1.65494673142099,-1.78054131703255,-0.651065106752476,-2.33995008295472,-3.53695370115127,-3.44781256305534,-1.38320322831205,-3.61769054624427,-2.39425700189453,-3.61174682160672,-3.53162547293321,-2.38283432553354,-3.44444141036891,0.742702031616282,-2.19583455700568,-1.76790409290215,-2.60113794359977,-2.5093563705315,0.639934709695257,-2.90887219672748,-3.29363789469423,-2.27382293970661,-2.79220063930883,0.729124869797354,-3.00943209536765,-3.14477675046936,-1.52591760916976,-2.37796299301992,-0.578137025985161,-2.44116445744329,-2.29998659116529,-2.56902411708536,-2.09542884651745,0.24009614893472,-2.88789493895737,-2.91711795634548,-3.13168123718045,0.086834559594587,-1.46010294760023,-2.93593452398723,0.437621121482361,-3.13453076942816,-1.2359136912316,-2.6855331074569,-2.56044918459963,-1.06434891846212,-2.71959999952307,1.55681346692313,-2.62538678498542,-1.14491505068746
